122
7160
1 50 25
2 1 47
3 91 60
4 7 62
5 37 35
6 7 20
7 57 37
8 1 56
9 23 38
10 52 44
11 43 24
12 87 24
13 44 23
14 90 34
15 82 12
16 62 64
17 7 43
18 29 65
19 64 51
20 89 61
21 94 5
22 107 43
23 101 18
24 79 62
25 89 53
26 58 42
27 1 45
28 91 6
29 47 53
30 52 41
31 14 22
32 5 66
33 40 38
34 52 60
35 75 37
36 46 31
37 48 6
38 66 64
39 50 35
40 83 64
41 119 42
42 56 1
43 44 26
44 75 34
45 102 8
46 100 61
47 68 6
48 18 21
49 33 30
50 60 24
51 16 4
52 42 3
53 2 57
54 89 47
55 26 11
56 94 33
57 105 17
58 63 6
59 103 62
60 97 14
61 1 61
62 112 53
63 71 56
64 81 12
65 41 52
66 28 39
67 48 6
68 69 64
69 37 24
70 90 24
71 91 22
72 83 5
73 120 6
74 1 14
75 5 56
76 65 60
77 80 4
78 43 13
79 99 58
80 113 2
81 38 25
82 81 47
83 39 46
84 58 35
85 16 54
86 40 17
87 20 10
88 104 4
89 19 19
90 2 25
91 30 59
92 112 9
93 9 49
94 82 25
95 112 37
96 85 4
97 40 63
98 82 58
99 63 23
100 68 39
101 26 48
102 7 27
103 4 24
104 11 15
105 44 31
106 122 25
107 93 50
108 44 59
109 91 2
110 13 60
111 50 34
112 50 43
113 47 8
114 64 62
115 98 54
116 43 43
117 89 52
118 86 6
119 35 66
120 95 53
121 76 66
122 12 17
99 76 9
42 2 33
75 105 10
12 94 21
48 70 28
27 66 38
114 13 32
60 110 1
3 91 18
54 87 39
90 83 9
39 88 10
84 2 18
18 57 10
69 35 3
102 70 44
63 5 21
60 27 27
1 26 9
27 78 28
3 71 33
54 91 7
90 35 40
45 58 13
111 20 5
12 95 36
6 20 38
36 10 12
75 100 22
12 77 32
108 70 44
24 13 23
57 105 29
30 94 27
84 25 6
84 1 17
9 56 38
54 26 26
108 97 13
114 105 17
84 27 42
51 102 16
18 37 30
42 11 32
93 110 7
30 36 8
54 81 26
63 11 9
114 85 35
90 88 30
111 62 24
51 79 30
57 99 19
66 75 9
90 71 42
102 4 9
18 19 12
75 31 5
111 112 11
72 61 26
87 45 32
57 118 17
9 60 23
111 37 45
75 45 11
18 84 36
3 12 40
84 92 28
117 69 31
36 88 31
33 58 34
60 108 17
111 82 1
111 121 3
51 113 38
75 48 37
48 97 4
30 13 33
54 99 31
111 38 11
36 37 13
78 108 25
114 7 29
48 116 45
102 71 29
39 60 8
51 52 20
93 14 10
90 109 25
60 74 34
108 27 25
57 75 22
96 77 18
27 121 23
105 78 9
54 31 8
48 83 37
105 111 31
18 109 23
93 3 23
63 99 46
75 99 38
90 99 20
51 77 31
9 93 4
114 27 21
3 96 41
30 99 42
84 9 46
15 88 27
96 85 21
114 56 9
3 112 20
99 34 42
33 67 23
96 117 30
12 103 35
51 84 16
27 108 25
24 102 44
114 85 4
63 52 7
15 31 3
87 106 1
12 117 29
30 18 11
30 56 5
24 35 22
9 43 7
12 72 28
75 21 14
60 121 26
114 98 15
51 32 17
33 30 14
51 96 3
12 84 31
90 91 46
33 87 31
42 102 16
27 60 36
54 5 9
93 115 4
90 61 12
99 66 37
3 37 46
105 60 17
102 52 45
1 110 37
84 31 19
42 19 5
57 14 4
51 4 25
18 101 41
33 42 26
111 44 44
27 101 24
54 5 5
1 2 44
18 120 15
108 15 29
96 78 42
27 29 44
105 34 2
39 53 39
114 85 11
111 60 20
3 120 29
105 120 9
90 106 40
90 55 31
30 101 22
78 120 12
33 116 33
3 39 30
54 43 2
105 25 13
69 50 43
9 110 4
6 13 19
93 92 42
105 58 15
30 1 13
42 26 24
96 7 24
18 36 26
1 54 22
57 87 7
30 89 9
21 93 22
108 66 37
1 56 12
39 90 19
111 66 6
81 70 37
93 27 23
63 30 37
33 104 9
45 118 22
18 32 14
114 54 15
72 85 17
66 97 22
99 113 43
60 55 5
60 58 44
24 52 4
111 93 2
57 102 9
90 14 37
15 66 43
39 45 45
60 88 12
96 50 13
63 103 37
111 18 33
84 14 13
84 102 43
87 95 43
30 13 24
102 4 23
54 66 24
66 25 16
114 49 34
81 54 9
111 114 12
96 3 16
12 88 5
78 81 13
9 62 28
15 26 27
9 5 34
33 65 45
84 105 29
57 45 44
15 51 9
72 2 15
90 86 19
30 89 2
54 103 13
42 57 44
78 21 13
12 48 3
24 113 16
9 89 34
117 28 16
93 47 27
69 36 9
18 54 31
90 27 45
30 57 45
66 51 5
102 15 36
114 109 34
84 51 3
30 106 20
111 112 2
108 3 27
21 37 22
81 1 17
6 57 20
42 8 36
84 98 20
39 110 2
1 42 14
93 69 31
9 101 11
27 76 37
15 20 5
105 40 39
90 31 9
24 58 13
57 63 3
69 28 26
30 34 6
60 27 25
102 121 43
39 109 32
18 92 15
75 1 8
75 39 39
108 13 7
18 73 42
84 44 21
54 46 11
63 61 2
36 40 33
54 55 5
1 47 23
12 58 11
78 52 1
27 21 25
24 26 37
102 34 34
33 19 15
60 83 5
18 57 9
6 115 13
105 103 45
102 92 36
63 1 6
57 33 10
99 61 3
84 97 7
6 4 29
72 74 29
120 106 13
114 108 27
69 102 24
51 84 9
3 96 46
84 68 42
21 48 30
60 25 9
51 75 30
36 104 45
9 12 5
66 74 10
33 27 5
72 77 42
72 55 32
78 56 29
3 22 20
12 86 25
99 91 38
48 102 2
54 85 5
105 115 27
69 20 24
102 54 5
111 97 27
36 45 45
60 45 27
30 64 32
120 46 28
99 58 11
21 30 46
63 117 8
63 71 9
63 108 36
45 35 19
69 106 6
39 79 26
102 110 18
39 78 28
90 45 11
111 45 9
57 36 5
105 20 11
105 121 26
120 23 21
96 1 15
72 63 41
36 117 41
1 99 46
84 44 34
66 115 39
87 25 34
33 120 1
15 66 31
45 117 43
36 20 4
72 40 8
9 96 9
69 50 21
42 105 42
102 42 26
84 72 43
84 36 9
54 89 34
12 116 8
90 44 2
3 85 27
102 95 16
42 53 8
48 67 7
93 27 9
99 59 35
21 10 20
51 86 1
6 109 36
78 55 32
96 108 6
105 29 37
102 27 26
72 54 1
36 81 46
87 45 46
27 20 46
105 2 29
45 37 17
42 10 38
42 112 23
21 62 22
75 112 4
87 99 39
15 9 26
66 13 17
63 41 3
3 101 27
102 114 15
54 63 38
33 24 44
24 122 17
90 10 1
120 48 6
111 10 43
84 79 30
75 76 35
120 85 17
81 105 24
21 90 1
48 107 18
102 101 33
42 29 10
27 75 7
36 23 7
39 91 34
42 116 18
108 101 7
60 19 21
27 88 40
45 11 7
51 64 5
99 79 23
21 108 23
45 65 28
51 44 25
12 87 9
99 17 8
6 11 37
84 51 39
1 37 30
33 1 36
72 121 4
87 45 20
114 75 45
63 122 3
114 46 43
30 28 40
15 19 9
51 80 3
117 83 37
60 39 30
72 84 6
3 35 32
96 108 40
39 81 42
111 38 44
36 121 33
93 97 38
39 103 16
48 80 43
51 115 22
42 94 3
81 33 35
78 19 11
108 41 30
33 95 23
48 7 25
21 106 42
111 69 44
57 49 33
54 18 35
51 17 14
51 66 45
120 49 28
78 16 38
36 108 42
21 74 44
39 7 5
60 61 29
120 10 21
27 113 1
96 81 15
1 46 41
63 56 16
69 19 27
90 108 30
45 105 8
36 6 12
60 25 4
102 114 36
81 98 14
75 24 4
114 75 23
66 78 24
15 79 4
81 3 32
66 22 23
18 14 19
63 19 41
42 50 9
111 94 4
6 119 3
3 42 38
84 54 10
72 84 14
36 17 41
54 98 37
57 105 32
1 53 41
36 20 31
36 68 36
78 87 20
72 19 16
114 118 36
54 1 24
114 74 10
69 12 14
72 77 28
105 76 43
45 24 9
78 22 35
54 101 33
90 72 9
33 90 24
78 106 42
111 56 11
108 112 8
69 23 13
30 77 19
105 14 38
36 20 1
33 111 9
48 70 19
30 78 33
117 4 8
15 2 45
30 2 29
111 116 3
81 8 24
27 121 38
15 63 17
114 75 18
102 121 36
36 9 30
84 109 25
27 37 42
78 99 29
42 38 4
57 35 35
90 20 12
39 48 22
99 17 1
84 117 12
108 100 2
39 24 9
81 76 24
75 93 30
12 87 38
93 1 5
66 28 32
87 1 3
99 32 6
108 17 9
78 73 37
120 12 6
27 5 13
9 19 9
39 30 25
63 120 46
54 49 16
66 27 38
18 40 37
1 8 45
60 49 40
75 1 46
111 77 15
69 23 9
87 31 34
48 85 26
15 1 40
81 53 5
15 1 38
69 70 18
102 34 40
99 43 22
96 26 8
21 69 24
69 85 46
84 87 4
111 14 37
60 67 23
114 110 36
51 79 43
54 59 20
114 69 3
78 31 7
27 2 34
72 112 43
78 87 21
39 121 18
120 22 31
3 61 29
42 109 13
33 17 40
51 100 13
99 61 16
51 16 35
54 110 25
39 78 39
51 72 16
90 54 14
108 13 5
75 88 15
36 7 46
36 47 23
27 31 6
48 53 29
18 11 24
3 94 9
30 63 16
117 102 29
105 109 43
66 45 14
72 42 12
6 89 18
105 117 19
96 67 29
66 119 3
6 22 2
66 2 5
84 39 21
96 76 23
63 19 10
33 19 28
60 84 38
96 80 31
81 23 5
120 9 31
24 35 34
117 27 24
81 28 2
48 103 24
108 1 8
9 18 5
96 82 46
21 88 3
1 90 25
57 63 38
72 33 21
18 114 18
54 4 6
18 80 10
78 92 38
60 88 24
57 33 16
48 6 4
78 49 24
48 80 45
39 71 39
30 84 38
87 67 3
63 105 15
96 19 21
84 12 3
45 31 33
69 51 42
57 50 21
15 6 9
114 49 22
84 53 44
60 74 2
42 17 12
69 54 3
114 68 29
3 57 32
51 89 13
114 63 2
75 104 43
1 24 23
87 112 38
39 80 14
81 16 21
51 76 13
78 118 38
99 8 37
90 8 20
6 5 15
36 12 9
99 119 25
66 109 22
81 120 26
15 47 1
66 105 23
57 69 20
18 2 7
3 86 15
96 6 29
117 10 19
120 74 30
33 36 42
21 70 3
105 107 26
21 15 5
36 113 23
15 29 30
60 39 7
114 46 10
42 20 19
75 92 21
33 107 37
12 32 22
60 8 27
84 106 37
63 8 28
27 78 27
30 12 23
12 61 29
120 59 12
102 2 36
96 17 36
69 68 38
117 60 8
108 119 23
63 105 25
72 34 25
18 80 23
120 10 29
39 37 34
114 3 2
72 119 13
90 103 10
18 101 40
3 25 9
75 2 16
81 122 40
60 9 1
108 27 31
84 99 8
18 71 27
90 78 22
12 110 19
3 12 29
114 49 31
60 34 6
111 81 36
3 23 21
6 13 7
48 104 42
81 46 19
120 82 21
114 29 12
108 121 44
63 92 16
54 16 24
36 19 6
114 21 23
99 55 28
111 18 29
114 39 4
66 23 10
87 109 39
96 21 9
63 67 22
99 54 13
24 33 37
24 111 1
18 77 39
6 88 2
93 60 38
24 36 35
21 75 8
27 113 1
36 32 30
84 79 14
57 107 20
111 21 37
105 76 29
108 88 22
48 103 25
30 93 38
12 57 30
1 96 43
78 25 33
15 46 27
6 99 13
60 61 10
87 56 35
39 2 6
42 17 40
63 55 23
84 73 20
36 16 9
21 40 20
96 38 18
36 67 26
111 39 40
51 113 8
108 45 38
18 42 18
78 6 18
114 105 23
78 8 43
24 49 19
21 24 19
51 26 10
69 96 32
51 29 42
42 13 8
3 67 21
27 9 44
81 17 3
102 66 28
60 48 34
21 67 27
27 80 38
93 16 16
93 35 10
99 18 36
78 69 34
102 58 33
57 34 3
39 83 13
81 114 20
21 52 41
66 67 25
6 41 44
90 30 5
3 112 14
54 51 16
1 65 28
9 34 14
84 34 8
39 18 34
66 1 15
3 105 10
108 11 36
57 3 15
111 103 32
72 104 24
45 78 14
87 82 16
1 65 18
12 107 30
105 102 1
51 109 40
114 44 28
36 119 12
105 15 1
15 41 2
21 110 16
78 59 28
57 18 22
24 90 19
84 14 37
105 108 46
66 114 26
117 47 9
18 122 13
111 82 44
99 15 36
99 118 46
18 39 7
24 74 31
111 100 4
45 106 18
27 56 20
57 112 38
84 113 5
3 10 43
90 106 46
1 14 41
12 118 33
75 98 12
42 54 1
39 33 5
1 29 16
102 87 31
45 88 6
90 7 28
93 77 20
15 44 16
21 19 34
48 93 35
3 41 11
42 53 39
27 105 33
111 48 38
111 82 14
21 87 27
72 15 16
15 102 4
6 61 43
114 57 45
39 8 43
78 87 34
81 122 44
15 99 34
75 52 20
9 75 29
66 9 21
78 8 32
93 8 39
69 83 34
63 1 43
96 110 21
9 54 28
90 30 9
63 89 37
54 39 26
111 33 37
42 84 6
9 44 44
87 29 10
108 87 42
96 84 6
6 12 19
3 17 15
21 73 13
57 44 31
96 102 1
21 52 26
120 89 19
96 75 11
60 106 21
27 28 12
66 43 5
45 85 37
120 39 9
54 74 1
54 2 3
60 61 18
54 118 36
108 11 38
90 77 36
117 93 2
114 34 45
45 121 26
120 71 18
33 109 17
21 87 20
75 59 23
84 49 17
108 83 21
99 15 31
30 72 12
33 12 44
15 86 6
48 71 9
108 122 42
3 14 28
45 110 27
93 51 7
30 82 18
99 119 2
111 58 12
57 71 33
120 13 23
27 48 26
33 88 40
93 110 35
42 3 26
117 47 20
111 76 25
108 106 44
21 109 6
15 11 28
48 20 42
60 76 24
9 112 30
93 86 40
114 117 39
102 30 29
57 87 22
15 70 39
93 114 6
6 60 31
27 21 34
36 98 39
63 23 44
102 45 40
1 89 12
21 44 19
66 101 28
120 86 7
42 39 4
96 111 20
9 3 12
99 69 35
87 53 5
27 2 15
66 104 40
57 122 9
78 112 41
96 63 5
21 95 42
117 63 32
9 86 14
96 79 13
39 21 43
6 66 32
105 122 41
21 101 12
117 96 43
117 93 10
39 86 42
96 6 38
120 108 44
69 23 5
12 111 32
84 49 33
1 68 9
75 56 44
84 35 27
84 118 4
117 52 38
12 75 36
87 89 13
108 13 34
114 121 41
111 22 25
15 49 34
81 47 28
87 41 19
27 65 18
108 20 23
99 50 2
18 86 18
78 11 22
60 122 19
108 118 26
1 34 33
99 96 44
48 35 3
24 69 41
15 47 22
42 14 8
48 46 10
48 78 9
84 73 33
60 10 16
24 103 37
33 62 5
57 117 42
21 35 40
27 80 1
84 68 22
57 95 1
96 29 36
33 51 12
84 54 4
60 94 21
42 79 41
30 119 10
45 49 6
21 76 16
15 13 21
36 92 21
24 62 23
108 20 29
96 41 38
117 115 27
72 118 19
39 94 27
45 106 34
87 73 40
111 112 6
27 3 43
1 92 42
51 1 6
84 104 40
63 84 20
69 117 31
48 36 9
27 49 14
15 98 7
63 27 46
57 87 44
69 12 27
1 104 25
117 53 23
99 8 10
87 55 22
72 115 26
54 55 45
24 68 45
42 9 17
96 5 30
96 60 31
102 27 15
81 71 25
75 9 15
120 63 14
39 99 8
63 89 3
21 37 10
111 17 13
57 121 7
87 83 31
42 109 12
75 76 24
1 38 32
51 45 30
114 101 23
18 102 44
12 41 43
63 16 14
111 61 33
1 102 6
24 89 4
105 20 5
27 64 46
78 66 33
9 27 34
99 10 27
90 113 27
54 100 20
120 20 40
24 41 9
81 1 1
111 50 9
105 68 6
69 24 20
72 114 8
6 2 27
81 91 26
66 47 30
60 32 15
3 6 7
12 58 34
48 4 23
12 11 9
12 119 25
51 110 15
18 45 33
21 82 29
63 13 37
24 11 12
36 1 1
6 29 5
36 60 2
42 43 36
96 49 8
108 67 8
9 17 22
102 74 10
99 47 19
84 56 42
39 114 33
81 116 44
84 13 27
36 68 35
111 1 30
87 117 26
75 12 21
18 20 45
30 35 44
99 18 39
30 23 27
21 20 1
69 40 5
12 7 36
96 51 25
81 76 4
15 84 24
99 52 20
42 22 16
78 72 12
84 91 33
105 103 24
45 106 36
12 8 34
36 115 32
9 62 17
24 76 38
27 6 10
102 62 12
60 94 37
108 23 1
21 27 42
90 76 25
102 112 16
102 41 36
1 95 42
39 114 9
21 74 45
1 77 18
93 119 25
108 98 34
87 56 17
48 44 13
27 33 7
93 37 2
75 1 2
12 57 11
30 35 21
96 12 12
33 86 23
18 13 46
6 30 35
51 61 12
6 83 29
93 8 3
48 62 33
33 14 5
78 26 4
78 40 24
39 97 17
66 48 15
84 10 19
21 62 44
54 98 27
54 10 28
48 116 28
96 24 36
15 82 41
81 51 9
69 103 19
90 6 30
63 87 40
54 118 31
78 15 5
21 44 22
24 13 35
75 92 18
117 118 36
96 58 29
3 40 30
60 38 36
114 9 9
78 70 22
15 32 44
45 57 9
54 114 20
72 39 22
96 120 13
39 2 31
111 44 35
102 62 31
78 121 11
84 24 10
72 19 1
105 13 40
24 98 2
18 54 16
111 52 39
108 64 21
12 42 2
81 115 8
90 110 26
39 59 9
18 111 38
39 38 44
9 77 39
99 46 35
117 122 3
105 100 18
30 57 1
9 85 36
105 79 29
108 116 5
120 30 19
33 15 45
111 48 30
63 61 32
114 8 44
78 51 7
39 1 35
84 63 4
48 76 1
24 87 23
111 69 46
102 109 18
6 90 6
102 109 16
54 85 13
69 2 10
45 79 15
18 27 14
54 41 9
60 89 3
105 29 32
27 29 46
111 75 35
51 46 3
27 78 10
54 79 11
87 81 25
75 30 20
111 39 13
30 81 19
1 59 34
93 13 46
120 95 46
27 39 3
72 42 32
117 26 18
33 47 35
57 113 12
75 122 38
12 99 44
9 119 44
90 6 38
27 63 9
117 118 1
90 111 41
120 92 35
102 32 16
84 116 6
21 24 35
78 11 27
57 103 26
54 106 20
39 102 46
18 1 15
102 78 12
54 72 30
81 44 1
75 49 39
60 24 21
15 38 16
45 78 37
105 79 39
66 112 4
1 4 22
1 30 20
81 73 4
87 15 31
24 68 11
84 49 7
90 73 42
45 18 28
114 91 42
63 16 14
33 95 22
24 80 17
99 6 20
96 42 20
90 64 7
90 97 45
93 29 20
51 101 36
42 36 7
93 14 38
12 83 2
84 77 15
120 17 34
48 1 36
42 35 40
3 28 6
27 114 15
99 72 27
21 70 35
6 15 26
6 107 28
6 63 38
9 34 20
72 53 17
9 34 31
117 55 13
81 117 35
114 37 3
87 16 15
120 88 9
54 20 23
120 2 35
78 118 28
12 7 1
3 14 15
51 63 42
36 112 26
63 52 17
39 14 14
42 69 9
24 108 2
45 26 21
57 56 23
114 35 15
99 72 15
21 77 10
99 116 27
21 102 38
9 49 35
111 114 5
24 72 17
45 98 21
12 95 33
114 109 19
30 89 5
105 26 35
63 51 24
75 2 44
90 44 23
24 56 12
3 121 18
96 5 43
9 114 1
3 83 4
51 8 14
90 74 6
114 36 27
90 96 8
102 98 20
30 37 8
87 89 13
1 55 1
51 120 10
24 79 39
102 81 9
1 109 21
27 59 13
117 50 11
54 118 33
105 45 32
81 111 13
111 110 39
57 114 38
27 51 5
21 63 32
30 51 31
90 3 23
93 40 4
96 23 38
30 63 45
3 46 12
27 106 20
33 100 26
108 42 8
36 120 7
108 82 9
54 116 46
78 60 20
84 76 42
117 115 18
1 101 31
75 12 32
15 61 45
90 85 12
99 84 42
114 47 7
21 82 45
105 22 1
111 10 1
24 2 2
72 2 26
54 82 19
117 91 15
48 117 27
63 30 7
63 5 46
102 95 43
87 4 39
1 102 23
51 47 9
99 55 29
24 60 42
18 113 35
18 105 39
99 35 25
60 36 26
75 90 26
81 31 42
6 51 28
30 54 5
84 30 7
15 19 27
99 38 18
111 29 16
54 82 39
1 66 21
54 121 14
24 88 36
111 67 6
120 110 13
6 37 27
21 8 20
48 54 30
9 112 9
24 31 40
84 43 7
87 29 28
69 89 40
54 84 6
12 13 8
66 93 9
21 16 39
81 52 23
42 78 34
72 119 46
30 69 9
30 102 21
99 103 28
1 72 28
12 25 34
48 23 33
108 53 4
33 1 33
105 44 16
75 83 6
96 75 26
117 34 27
12 15 45
63 116 5
54 82 1
66 94 34
72 102 15
27 70 34
12 72 2
84 74 23
15 61 31
57 112 27
63 103 35
84 35 15
102 61 8
66 61 45
108 82 37
18 33 15
33 92 6
30 121 37
90 63 44
6 65 46
9 85 29
81 10 27
27 42 12
9 70 45
72 43 11
24 16 39
24 48 4
108 98 6
108 105 4
48 16 20
51 70 29
18 60 21
117 42 19
51 73 19
60 55 30
15 74 29
48 75 2
72 104 36
84 20 33
114 93 13
84 114 39
33 13 8
63 93 22
42 7 34
63 56 42
54 58 11
6 117 18
48 14 10
54 24 4
111 40 40
54 8 35
96 116 29
105 32 11
60 74 4
27 10 44
1 69 8
66 87 9
111 103 1
87 33 12
60 91 9
9 26 10
117 37 1
96 110 2
48 39 40
99 67 40
12 105 44
63 7 17
48 32 22
3 108 8
105 26 20
9 103 11
60 70 28
15 56 5
54 108 22
78 92 16
66 3 31
60 1 34
39 4 7
36 86 29
15 114 39
93 106 37
36 109 45
90 13 22
66 19 4
15 87 44
27 14 29
63 43 34
108 75 45
21 35 41
84 14 46
96 10 9
24 36 7
75 82 6
45 31 36
12 97 26
96 105 39
15 93 39
42 99 17
3 19 21
42 37 17
63 28 9
93 83 20
42 20 3
27 23 27
117 108 30
99 53 30
75 15 34
87 88 36
1 111 36
114 85 34
30 114 9
1 67 18
24 93 31
93 102 20
111 13 13
66 102 42
9 7 28
90 53 9
81 63 38
12 84 45
42 18 43
18 94 5
84 102 18
51 29 19
3 1 26
108 110 9
81 5 20
42 25 8
1 46 9
9 41 28
45 53 24
27 91 16
1 59 36
93 60 36
45 117 45
90 39 17
57 36 37
72 75 36
18 21 9
24 18 23
3 38 17
33 103 42
105 98 40
51 70 7
12 49 10
33 104 30
51 104 14
93 104 19
99 49 8
90 50 26
75 34 37
36 78 43
114 18 12
6 39 42
1 17 38
42 4 26
36 86 27
120 8 22
54 13 18
87 82 36
3 68 41
42 36 36
45 78 29
96 4 41
24 58 30
42 112 13
36 94 5
6 10 30
102 18 9
72 117 9
99 26 41
24 48 20
15 33 25
63 4 44
9 56 36
30 16 28
108 55 23
114 53 2
33 119 10
57 44 34
48 6 32
105 42 19
84 105 20
102 10 36
3 10 16
87 53 38
27 22 19
72 78 35
6 83 12
90 109 31
42 96 12
54 59 14
90 62 45
102 86 11
84 67 28
42 39 8
63 122 32
51 20 12
54 82 29
87 10 30
27 92 14
27 68 9
114 102 35
66 11 6
81 99 17
120 64 1
63 19 23
105 10 42
66 53 17
72 30 34
99 67 44
93 105 26
42 8 23
96 101 14
54 99 1
15 31 43
75 115 30
78 30 34
69 82 11
117 19 13
81 62 34
111 20 4
66 85 9
102 4 35
117 28 8
57 56 13
78 84 7
24 106 4
60 120 37
96 29 38
15 38 40
66 59 40
15 83 16
3 103 2
99 63 22
78 96 27
108 35 35
54 112 16
27 1 44
96 1 20
36 91 36
27 102 39
69 38 36
105 12 34
27 100 29
120 24 46
9 28 10
63 105 8
42 88 17
18 23 1
96 106 33
3 88 19
27 72 1
51 97 15
99 40 35
60 80 8
51 92 2
45 33 27
84 14 4
36 22 19
111 17 12
21 1 36
90 104 37
57 85 12
45 55 10
69 4 33
120 100 29
36 16 2
120 67 31
114 51 5
69 5 32
1 43 20
15 53 6
117 66 12
12 47 10
78 82 31
72 89 38
1 7 8
90 46 27
57 118 19
48 120 23
3 45 1
114 80 17
33 5 22
81 28 42
3 86 15
60 34 26
42 66 28
57 4 40
81 60 12
108 41 10
3 57 4
1 32 25
99 41 35
42 12 26
51 41 3
99 16 44
9 51 3
60 102 43
120 84 22
72 64 40
45 61 29
120 7 16
15 88 21
39 92 21
90 15 24
33 13 35
48 56 42
51 26 30
9 21 38
114 73 27
9 90 10
9 100 38
6 22 30
102 8 44
108 22 45
42 113 32
39 73 15
60 25 18
75 106 30
87 39 22
111 29 42
54 61 7
111 29 22
117 122 15
84 44 42
84 102 40
78 82 34
45 41 12
108 22 43
81 35 31
36 122 9
72 17 16
75 51 3
105 55 11
81 105 33
108 83 40
48 101 15
42 36 4
114 41 1
102 73 7
72 32 32
72 8 30
36 110 43
12 112 11
69 82 8
39 118 2
54 18 36
33 2 9
114 52 31
108 73 6
108 84 40
42 86 41
81 58 17
21 121 31
105 72 12
30 31 20
42 35 28
54 122 23
51 39 1
96 31 13
12 80 33
9 65 33
12 41 40
1 47 44
75 64 6
63 112 27
105 69 12
99 67 3
39 30 33
45 61 21
39 45 34
84 32 37
90 110 3
93 48 34
39 41 39
6 7 42
114 24 25
54 46 38
81 25 3
51 42 13
105 115 7
108 38 5
27 22 11
78 67 14
9 20 9
96 99 33
66 118 30
39 83 1
27 15 38
78 44 38
81 64 26
30 43 40
54 108 43
114 26 11
12 68 10
72 43 11
33 1 38
1 104 5
42 74 32
93 14 15
81 93 32
27 26 19
111 23 7
9 56 44
75 80 5
15 113 5
24 13 44
90 62 27
39 95 43
27 7 5
81 56 5
81 47 4
1 119 19
24 85 37
1 56 4
27 20 23
30 1 4
63 117 1
72 66 17
81 104 13
21 16 21
18 95 35
39 102 40
99 18 35
114 9 33
54 105 32
42 115 24
111 49 41
18 34 39
36 10 13
51 57 11
87 30 30
9 105 32
48 26 42
36 83 15
102 17 39
105 28 16
1 116 27
96 117 25
18 85 40
105 22 39
57 61 1
57 85 31
105 109 6
99 35 33
96 36 4
117 121 12
78 70 22
18 15 24
102 98 9
24 71 46
84 57 40
117 31 35
78 46 25
33 50 22
9 103 19
1 61 43
66 118 9
18 31 16
78 68 32
36 80 2
24 77 7
108 103 12
18 62 19
90 103 27
48 34 42
54 78 2
54 104 5
114 21 44
48 86 1
81 31 46
75 113 32
18 24 8
45 16 43
84 13 41
51 122 12
45 65 41
81 91 1
105 118 41
18 103 24
24 58 42
57 38 27
1 33 9
99 47 35
84 88 20
42 86 43
9 86 29
102 93 17
69 65 18
24 115 3
12 94 46
108 81 42
30 66 19
108 49 36
66 13 29
24 64 38
111 60 18
93 23 4
18 4 6
102 62 12
78 117 33
12 60 27
90 74 20
12 103 28
3 84 7
60 7 38
39 86 31
21 22 31
15 53 17
51 79 7
81 57 38
111 34 11
30 19 17
93 107 35
36 118 45
66 34 27
12 53 26
1 81 7
114 54 15
33 52 23
42 64 27
60 120 23
75 21 28
39 4 9
60 53 18
54 91 13
105 119 24
90 19 35
93 5 26
114 106 14
111 50 6
57 96 33
51 30 27
1 84 30
27 102 44
42 59 26
69 34 25
81 20 32
78 98 38
114 9 24
60 26 37
90 78 2
9 96 8
114 120 4
111 20 5
24 51 32
111 119 12
90 26 16
18 108 29
18 9 6
30 99 5
33 116 45
24 121 33
102 71 43
45 101 23
114 31 3
6 4 20
84 61 20
78 100 27
36 109 41
51 40 10
81 109 41
57 90 22
81 110 45
60 61 15
27 117 21
78 115 45
102 101 4
108 95 7
36 54 16
99 60 29
12 114 24
6 75 33
114 36 3
99 79 10
99 50 14
3 46 14
90 12 4
27 115 10
96 9 10
39 37 18
87 102 25
36 66 25
45 6 25
90 1 23
33 116 45
39 87 24
99 59 16
9 40 26
3 2 32
54 68 23
90 101 10
39 67 5
54 72 15
15 68 37
36 30 40
3 75 33
75 14 21
111 114 18
87 92 19
45 119 26
111 116 8
90 97 20
54 61 33
93 100 39
72 116 46
90 52 36
33 58 6
60 122 20
27 42 23
57 23 6
63 51 9
1 8 10
114 103 46
36 91 44
54 105 35
54 70 34
102 121 16
93 28 43
3 62 6
54 81 9
108 69 25
102 97 35
81 51 33
57 37 27
39 98 44
84 81 11
42 90 5
1 27 41
78 85 38
51 100 1
1 45 9
69 53 18
63 78 6
1 59 26
96 5 11
72 95 25
9 31 20
120 3 17
75 26 16
69 96 12
12 34 14
96 120 33
105 26 6
1 18 12
75 117 30
108 16 24
120 81 17
108 101 21
87 112 3
102 47 34
78 42 32
42 121 8
51 11 26
105 74 12
42 32 23
75 40 3
81 27 11
51 10 34
1 70 12
15 36 10
111 107 42
18 40 29
51 60 43
84 110 14
63 61 8
18 52 30
105 45 39
99 35 10
18 88 13
63 58 41
81 2 26
1 88 11
66 16 8
18 29 9
3 28 24
3 49 19
6 85 20
6 101 23
105 97 41
63 1 39
105 69 45
108 42 38
15 13 8
96 111 3
99 92 5
75 54 9
45 91 45
78 9 31
3 86 1
96 62 42
84 43 2
84 21 13
63 18 6
111 35 36
21 14 21
18 21 15
69 57 5
69 65 39
1 18 15
3 63 25
9 21 35
15 9 5
84 106 36
84 85 18
105 10 19
66 38 17
60 16 19
24 104 26
30 20 45
51 46 29
120 83 22
12 43 33
9 69 35
18 88 9
63 67 2
30 86 38
54 43 18
99 24 21
54 91 33
69 20 14
72 121 22
81 99 5
84 7 7
69 39 41
99 88 26
72 88 7
9 3 39
114 84 36
27 70 38
18 24 34
45 103 39
9 91 18
27 35 3
54 28 2
42 23 37
117 80 11
33 31 12
3 42 9
1 21 24
12 93 40
99 120 30
3 54 3
24 85 32
117 38 27
111 54 38
63 94 46
99 121 18
1 96 5
87 119 9
72 70 33
72 100 23
84 22 35
6 65 24
18 103 11
96 26 9
78 5 34
78 5 18
1 55 11
117 33 41
93 61 40
57 78 7
48 32 25
27 93 3
108 22 30
9 62 6
21 120 32
69 110 10
117 101 18
111 112 26
42 99 38
36 92 3
30 20 36
117 30 42
105 67 11
120 69 35
21 9 3
9 67 41
108 8 27
54 37 14
3 79 9
78 62 15
105 37 41
6 7 26
3 63 4
51 31 41
21 26 32
39 99 24
114 27 33
6 21 45
93 73 16
57 64 8
60 20 23
6 72 24
105 119 9
45 31 30
120 55 11
24 47 41
18 74 23
60 9 43
36 19 46
3 28 24
6 2 24
81 84 1
63 57 6
117 112 34
27 53 1
69 77 34
57 118 30
111 22 39
81 31 33
117 48 40
24 57 34
39 55 24
36 111 26
96 117 3
120 88 16
72 96 27
114 97 32
6 36 27
18 31 6
27 51 18
72 4 39
33 83 32
99 39 1
1 100 36
84 16 2
117 110 36
102 55 12
96 66 15
30 19 31
42 1 19
18 1 41
78 49 36
66 46 13
60 96 18
84 91 7
27 86 8
39 49 26
45 42 38
99 15 9
108 3 25
99 9 32
21 56 11
57 87 5
81 87 11
39 35 32
63 30 22
39 48 36
27 5 3
54 53 9
24 4 44
111 8 5
90 19 9
120 105 46
84 66 8
105 59 42
9 105 20
120 1 32
12 69 19
90 25 4
33 61 31
39 105 46
102 90 6
36 18 30
93 60 29
57 1 44
42 108 43
78 20 36
96 64 28
12 68 37
15 17 38
12 104 44
63 38 27
66 1 24
21 60 40
15 84 19
114 96 11
105 99 34
90 28 11
12 96 23
1 112 11
54 119 39
63 26 24
9 33 13
66 107 40
18 101 4
111 115 16
3 56 15
114 18 3
45 59 38
6 68 32
108 28 3
117 40 7
30 29 12
21 63 26
96 80 8
1 37 12
24 50 9
72 112 6
57 96 32
42 87 27
99 55 10
99 54 20
33 27 43
3 50 22
24 76 10
93 91 2
105 77 36
12 53 19
30 23 4
6 61 31
99 66 34
27 114 44
75 58 2
24 44 37
3 39 12
120 97 28
1 107 10
63 113 22
57 22 26
51 39 33
87 68 21
57 73 3
72 88 4
114 1 9
60 26 16
45 46 14
99 27 9
18 63 15
75 87 22
108 69 19
99 100 45
15 42 36
6 39 45
57 65 29
84 61 6
15 83 33
12 58 38
102 6 37
102 26 21
39 118 36
72 5 40
48 58 18
93 107 3
108 115 40
96 116 6
120 77 21
75 117 28
87 99 23
66 106 40
90 26 39
108 62 12
66 76 26
84 55 18
51 108 17
39 68 18
99 44 22
81 104 22
99 60 19
21 18 15
1 66 41
75 16 28
57 51 8
9 40 44
57 11 25
1 104 10
75 113 43
108 110 6
42 71 13
42 17 11
42 59 6
72 65 1
90 47 43
111 2 38
111 10 30
51 45 23
108 40 28
21 8 42
69 49 11
72 93 33
102 93 3
18 17 29
81 112 45
90 21 31
27 99 2
84 25 17
12 22 9
81 42 7
102 121 3
33 17 2
57 105 9
114 105 23
9 51 33
75 47 24
54 45 23
105 42 29
93 108 15
72 54 25
102 101 24
12 93 25
60 74 45
90 10 28
3 10 39
21 47 24
90 100 29
99 95 7
54 5 34
51 25 39
66 117 28
102 55 12
12 113 18
69 20 30
75 52 12
9 31 6
60 97 9
75 119 18
36 2 46
6 120 16
15 81 31
12 115 13
45 46 40
114 35 25
75 71 32
105 80 41
60 66 4
30 61 12
3 16 3
51 120 17
27 77 25
63 48 27
57 74 38
105 68 43
39 47 21
111 98 23
114 99 40
51 102 15
9 78 42
51 41 45
84 118 3
54 115 34
3 26 37
111 106 24
33 41 36
21 99 8
57 110 14
27 19 24
90 93 38
30 74 30
117 91 12
33 90 40
63 47 19
117 33 39
48 22 26
99 71 21
75 8 18
90 50 34
48 14 12
54 13 2
45 90 44
12 23 11
54 43 31
18 14 42
30 74 5
27 93 6
48 66 28
39 93 19
24 122 9
87 45 45
57 100 41
51 65 9
60 45 18
1 19 33
90 26 8
9 109 22
21 111 31
42 30 41
105 94 46
30 99 15
18 112 38
9 122 29
87 45 12
27 74 24
105 79 29
3 45 2
72 118 37
87 47 15
105 9 39
78 5 29
63 32 40
108 41 8
81 76 15
3 7 13
30 7 13
105 4 25
96 53 32
57 30 24
21 28 1
81 53 19
33 40 7
18 81 8
51 32 8
66 92 11
105 10 34
93 52 5
75 74 45
27 92 9
57 111 17
3 35 14
51 50 38
45 11 23
69 2 42
33 86 21
48 102 17
54 69 15
102 19 40
60 26 20
1 29 5
96 83 24
81 27 22
102 78 35
45 15 40
87 67 17
114 81 2
1 63 4
72 86 20
24 115 26
111 65 1
120 37 22
6 30 31
18 66 34
54 122 18
78 120 46
84 112 45
69 112 13
75 64 18
60 57 4
102 2 16
1 14 3
96 54 16
120 81 34
102 33 29
105 17 18
33 37 44
1 55 35
33 105 28
1 72 17
105 37 25
72 49 37
114 58 2
42 108 42
84 58 15
72 9 33
105 121 28
18 4 26
93 63 31
105 109 29
111 114 12
72 21 14
24 68 40
51 105 1
69 1 14
54 55 22
120 109 14
75 117 31
87 104 18
39 37 30
99 69 17
21 50 28
51 19 22
48 71 46
27 10 19
69 27 41
114 61 28
57 79 33
18 66 22
111 1 1
57 91 3
12 3 18
63 35 33
81 5 15
57 35 12
21 7 44
6 115 28
69 85 26
30 103 44
108 21 17
105 111 46
81 54 25
42 67 11
84 27 16
39 107 32
18 34 30
108 100 3
33 116 37
72 6 31
18 62 30
105 46 12
84 104 32
99 86 46
57 13 9
99 81 16
12 120 24
105 13 40
60 33 31
18 32 30
54 57 9
51 74 10
51 118 43
105 121 36
24 102 31
36 86 31
120 121 19
108 58 40
111 69 4
84 62 17
54 87 21
24 37 27
96 111 6
24 120 12
48 49 28
81 46 39
54 55 33
63 107 39
72 102 23
93 8 9
120 52 28
78 76 40
15 39 38
93 82 30
72 103 40
75 92 20
75 106 13
111 15 27
42 24 7
24 16 45
93 107 25
60 108 29
87 62 20
114 59 32
60 118 2
42 120 22
21 28 34
24 118 31
18 4 34
54 71 3
87 23 38
18 81 39
18 106 7
3 56 38
72 95 16
108 3 34
90 80 46
75 38 9
69 118 8
105 119 33
33 105 9
1 40 9
111 51 30
96 65 23
57 69 3
66 113 2
1 2 5
108 71 31
30 27 11
30 78 16
42 25 30
99 25 23
117 2 37
72 61 4
33 98 13
96 86 1
54 78 12
69 57 5
81 28 30
30 77 5
18 24 14
48 21 39
24 46 9
111 67 25
99 27 3
24 75 35
99 100 40
54 30 45
120 70 12
33 106 10
93 58 44
51 35 11
24 71 20
84 97 33
60 96 45
99 6 18
54 85 3
69 122 39
48 30 25
87 74 6
108 119 45
48 69 4
36 110 46
30 38 44
63 91 29
33 108 41
57 31 3
48 11 44
6 120 21
75 45 2
72 107 30
48 50 13
90 36 23
9 104 8
120 1 31
108 65 3
66 56 24
39 100 44
27 28 18
114 37 35
96 28 9
18 100 44
102 117 28
45 40 39
21 34 15
42 38 9
6 117 26
42 10 31
90 15 29
18 105 31
42 102 2
39 72 8
57 32 26
78 74 41
21 1 3
75 77 30
42 20 16
45 86 33
99 107 20
33 58 38
12 96 9
42 98 44
87 35 17
69 112 1
60 13 24
99 22 15
9 42 14
93 114 22
105 109 5
60 47 36
1 73 44
33 118 6
87 92 36
45 104 45
114 101 42
39 32 43
117 28 23
84 115 43
93 88 13
84 97 6
114 10 3
105 90 1
117 89 22
69 122 34
54 91 3
99 60 35
96 35 39
96 68 41
18 11 40
99 110 39
54 86 28
39 1 35
60 1 24
117 90 36
57 60 6
27 120 39
6 76 7
105 81 27
66 92 22
27 54 9
105 78 11
78 62 21
57 106 45
78 90 16
105 46 8
39 24 12
117 97 37
87 45 17
96 73 35
69 26 19
54 63 29
54 103 26
87 103 13
36 60 13
51 50 46
93 98 9
60 119 7
48 110 20
9 34 19
36 29 17
84 21 11
93 48 17
45 116 41
18 60 45
57 13 10
75 36 1
87 81 27
33 116 42
51 67 44
30 38 28
75 6 9
117 8 46
99 77 38
111 86 8
108 78 24
96 34 4
120 20 33
93 68 33
30 104 23
36 37 18
84 62 31
105 58 11
54 116 21
39 25 41
51 116 7
27 54 39
114 69 23
30 24 37
57 34 41
48 59 2
117 120 14
15 10 24
81 111 12
42 80 46
102 27 38
51 1 30
45 10 19
27 62 30
63 111 22
66 61 6
60 5 35
102 38 25
6 97 16
75 108 1
72 14 25
66 104 38
96 1 41
108 19 12
75 36 45
105 118 20
87 88 3
111 58 42
45 31 18
6 29 32
21 76 5
60 94 32
108 54 41
54 51 5
27 19 32
93 114 16
111 39 4
75 6 8
72 96 30
27 55 42
6 121 26
108 6 36
60 97 33
30 28 39
75 88 26
27 2 9
42 11 12
18 97 42
18 87 36
63 36 15
69 118 41
99 16 4
96 93 38
1 39 29
105 40 7
81 19 23
48 101 41
57 5 32
108 66 21
87 38 25
72 115 20
111 104 13
120 8 11
120 47 12
12 119 41
114 52 18
12 74 43
72 59 37
117 78 45
30 53 3
99 100 29
63 83 43
108 118 8
45 3 14
15 48 39
51 38 34
48 77 6
33 3 13
45 41 18
30 88 13
21 53 9
99 100 10
69 103 36
105 3 34
99 85 10
72 14 16
90 11 26
96 119 10
1 106 8
9 94 34
39 96 41
24 38 22
114 12 42
117 107 38
108 87 9
60 28 13
96 86 21
18 57 24
51 118 26
54 65 16
3 65 34
93 10 41
66 114 24
60 99 26
66 47 42
21 108 22
114 12 3
108 120 46
75 103 2
57 63 10
72 39 13
33 49 44
87 3 34
87 66 26
108 91 36
15 81 20
117 102 21
9 72 33
102 56 21
63 64 25
21 40 30
30 11 28
1 11 15
99 102 31
1 2 18
108 91 10
117 10 3
12 36 12
51 1 34
117 88 28
60 80 26
87 89 20
84 43 12
1 118 13
87 31 36
114 33 9
39 20 9
6 22 15
36 77 5
51 22 46
96 121 33
69 25 29
33 20 46
3 47 34
117 37 11
6 15 42
48 93 38
54 119 3
111 40 23
117 8 46
36 2 36
102 75 13
111 60 28
21 83 21
3 89 34
1 27 1
27 22 17
33 113 22
87 86 15
108 109 14
90 117 44
48 13 26
102 57 3
45 68 40
12 61 41
108 60 27
9 21 44
102 15 16
54 97 8
84 113 1
21 11 24
48 71 46
72 106 9
120 119 9
9 108 24
54 44 21
114 50 28
18 7 46
66 46 32
90 52 8
6 11 4
21 87 29
72 105 8
69 28 18
66 14 4
96 35 10
84 42 45
108 109 10
78 85 30
1 25 41
27 122 13
54 13 19
75 19 17
3 8 24
48 112 30
117 108 41
15 74 33
33 44 27
45 42 29
9 94 39
21 17 46
114 83 24
108 22 9
78 21 19
36 23 21
90 106 11
45 94 4
90 89 41
6 35 29
108 82 43
48 75 14
27 94 32
33 6 9
3 46 35
78 56 7
12 49 15
12 80 45
81 82 11
6 26 36
27 23 43
105 67 18
12 92 20
102 78 1
36 104 31
75 104 30
27 95 30
90 117 43
102 29 7
48 29 40
96 89 20
63 88 33
63 71 20
6 72 45
30 75 12
3 17 36
6 117 24
69 75 43
54 119 46
36 113 18
27 28 45
27 70 9
39 96 9
108 104 24
96 73 42
21 26 32
78 79 1
39 122 30
99 101 20
93 122 13
81 79 29
45 99 7
15 42 7
93 107 42
114 15 9
120 14 42
60 28 20
63 96 10
93 23 15
42 28 4
54 76 6
57 119 13
27 35 26
21 119 14
57 7 9
69 116 20
30 9 2
3 72 41
36 26 38
6 106 23
36 43 39
120 25 40
27 21 3
33 115 34
27 100 5
36 23 7
24 3 26
9 62 3
6 44 10
12 108 25
3 46 4
99 68 15
9 40 4
57 108 19
42 83 34
60 113 18
39 84 35
24 14 20
9 41 20
6 29 18
81 56 15
1 43 8
81 75 26
114 6 2
33 109 29
117 46 4
96 68 41
84 88 40
66 24 38
3 66 28
36 77 7
75 73 31
81 17 12
60 95 18
57 6 21
99 111 38
87 64 27
81 96 21
36 38 12
1 97 11
3 15 28
78 22 8
12 70 34
54 1 34
3 8 9
96 88 20
42 76 17
84 122 2
45 7 11
66 6 8
63 28 34
54 81 20
42 48 21
36 1 34
57 2 46
99 106 23
51 24 34
72 57 25
93 60 43
93 84 11
54 41 27
66 86 18
81 37 8
42 58 28
60 11 2
6 76 36
87 48 24
81 59 32
36 70 20
24 87 30
90 40 28
12 40 32
111 16 26
108 29 45
96 51 11
15 108 15
1 28 5
12 1 17
114 67 34
81 48 19
12 95 21
78 61 29
99 103 20
102 46 32
87 8 30
99 101 26
87 43 38
90 102 40
6 102 15
96 108 28
21 3 44
3 54 17
114 112 12
39 27 20
36 89 3
51 49 32
99 23 1
63 101 40
84 88 6
93 54 2
105 60 10
15 35 8
39 27 33
87 116 42
84 80 10
15 25 7
45 48 24
45 101 10
96 41 4
48 13 42
27 22 6
78 67 11
45 32 10
78 34 37
117 19 32
18 118 38
42 67 28
69 41 28
24 8 15
21 62 29
60 77 31
42 29 41
99 19 44
27 76 17
102 76 9
78 2 2
96 104 16
30 1 21
96 122 34
9 77 20
15 75 11
78 93 8
63 92 16
39 54 26
24 113 7
36 68 14
39 85 1
114 78 23
18 49 26
21 18 7
63 54 15
24 75 5
96 116 19
78 55 22
99 101 24
18 86 4
114 5 32
51 63 14
42 122 13
84 90 22
39 109 13
36 34 6
108 16 8
3 68 29
66 26 13
6 101 8
114 84 19
81 30 30
66 45 16
102 105 24
78 61 11
15 104 4
15 109 22
93 21 28
63 16 43
1 37 28
102 76 41
9 107 46
15 26 45
15 110 42
117 20 4
99 2 35
36 43 42
120 110 9
75 16 6
39 61 12
18 120 1
66 93 6
75 66 9
1 71 45
60 69 33
72 21 35
114 59 28
87 102 14
78 4 15
105 61 46
72 19 21
105 31 1
39 50 29
21 102 1
6 40 31
69 66 27
105 108 19
57 80 2
9 96 1
45 112 9
72 1 46
72 35 21
15 76 23
102 17 15
30 68 44
45 87 10
111 64 17
54 74 40
72 2 26
99 8 5
60 41 41
3 100 25
21 14 11
57 94 6
120 122 5
30 47 35
81 82 10
24 55 6
48 56 43
57 50 40
69 104 39
15 31 45
72 80 24
96 74 17
114 43 5
72 101 32
15 98 29
87 106 24
102 120 2
15 116 35
63 117 22
45 6 19
36 52 44
6 41 5
120 1 35
6 50 24
21 84 43
18 99 15
45 60 27
108 117 19
120 51 6
45 73 43
87 41 7
69 90 25
99 114 1
114 65 29
48 37 31
102 20 25
99 122 18
51 15 8
108 85 8
75 71 11
48 43 39
48 51 22
36 97 16
72 50 26
27 111 39
36 29 28
111 92 24
51 94 27
30 2 17
9 97 32
66 114 4
93 47 2
69 66 24
36 107 11
48 24 34
60 89 4
99 4 41
81 84 30
54 62 33
18 25 41
99 47 41
102 98 14
69 2 44
120 32 44
75 120 40
9 36 29
111 106 13
99 44 17
66 10 33
102 1 20
93 85 29
117 98 43
30 43 25
75 111 5
1 10 22
84 30 25
78 19 12
30 80 19
21 91 44
48 115 46
84 75 5
108 51 11
114 27 12
93 102 35
69 2 13
42 114 24
84 22 31
57 107 18
48 91 43
114 69 13
114 59 12
96 62 18
45 92 19
105 34 17
108 36 33
84 86 39
21 89 10
15 117 9
87 71 2
48 11 46
15 87 19
108 19 3
90 2 37
105 79 37
57 88 25
54 59 10
36 63 33
87 106 10
48 67 27
114 1 5
96 14 36
12 34 27
69 122 6
6 96 11
36 74 36
99 108 17
66 55 36
105 91 31
99 18 9
6 3 35
54 40 45
45 97 20
45 18 36
36 108 8
78 118 36
33 74 17
99 2 34
114 58 21
30 66 3
39 79 12
90 71 40
111 119 7
84 18 14
24 121 3
87 47 42
117 121 12
99 27 23
39 19 6
54 79 36
48 1 2
42 2 39
42 32 21
21 59 5
15 71 7
96 116 16
99 15 17
69 39 40
1 86 7
105 49 11
48 33 9
6 35 41
54 7 6
9 22 27
6 93 45
66 27 35
45 44 36
30 16 6
48 111 43
84 48 40
42 109 28
21 70 20
105 23 29
102 61 35
54 55 11
105 76 2
51 19 36
27 55 21
18 45 10
114 52 23
81 52 14
69 72 28
30 74 11
24 115 18
21 79 17
90 92 3
78 67 16
48 58 14
24 40 37
72 117 24
66 9 4
66 67 37
75 103 40
51 89 24
57 113 36
54 43 16
57 76 33
3 89 31
60 121 32
102 104 17
66 73 1
24 113 19
39 61 21
1 54 28
78 90 13
57 38 32
24 13 9
57 21 17
102 2 10
87 1 33
27 8 39
39 117 29
54 27 1
93 78 31
108 15 18
72 51 26
57 117 22
21 86 3
93 2 9
3 40 9
66 74 42
30 9 40
27 110 15
69 52 43
90 86 2
75 110 45
24 99 28
102 34 18
36 61 15
72 23 17
96 29 26
81 8 11
81 32 13
12 90 5
99 32 16
18 48 32
117 122 34
30 96 20
57 26 12
36 98 2
117 74 38
84 56 2
117 74 33
48 80 28
72 16 39
84 92 12
69 11 6
12 9 43
54 4 37
66 26 6
66 78 36
114 54 19
66 94 3
81 25 7
111 98 1
90 49 38
60 112 16
63 91 46
36 74 29
24 86 21
15 103 28
84 39 41
42 104 32
78 52 36
84 55 34
57 58 38
78 47 36
120 6 29
93 84 16
72 37 19
108 92 6
66 43 12
36 48 26
120 59 26
69 27 26
33 118 22
93 8 11
120 43 7
21 1 6
108 4 22
45 105 19
48 49 6
24 15 11
114 12 32
1 14 40
117 118 13
12 119 9
24 22 17
87 114 44
117 42 11
30 63 4
54 18 43
90 31 46
3 115 38
87 32 28
111 90 5
12 92 41
24 81 46
111 97 9
78 122 19
120 1 29
96 94 9
75 117 32
6 122 2
1 62 12
78 88 24
72 55 41
66 110 23
114 115 40
90 110 36
9 87 45
36 1 14
54 9 18
96 53 34
81 21 30
75 30 31
102 34 20
9 87 7
51 94 45
60 27 9
96 86 26
81 6 44
66 58 31
102 85 41
30 113 34
18 94 11
117 52 26
57 117 46
60 59 2
93 103 19
120 105 24
15 56 31
96 115 42
63 40 25
6 27 26
33 107 9
57 53 43
57 87 9
15 106 17
84 106 32
99 47 21
3 95 6
42 53 30
27 43 16
3 82 23
102 23 12
78 44 25
111 6 20
60 69 20
3 118 36
30 28 24
12 49 12
63 61 5
117 98 5
120 61 46
3 87 21
12 56 26
84 97 34
42 68 38
1 117 46
1 10 32
111 78 7
102 103 34
111 112 21
114 83 35
18 95 28
93 5 37
93 29 40
33 13 5
3 47 10
57 5 19
57 70 9
69 50 6
45 46 12
9 19 22
93 59 10
66 27 12
39 60 46
57 52 4
18 38 28
33 74 5
105 26 4
9 40 18
21 22 19
111 68 31
81 8 13
45 50 34
42 54 4
57 16 44
75 47 22
33 118 31
63 61 11
78 84 9
24 8 37
1 10 34
24 91 37
102 104 39
114 48 2
66 86 41
27 35 32
96 3 31
120 16 33
87 75 19
1 63 36
69 81 15
108 118 40
108 53 20
66 70 7
39 1 25
120 13 28
3 122 7
120 109 27
102 103 13
66 3 33
90 97 29
51 36 32
48 97 9
45 98 26
102 122 30
99 14 19
51 36 17
6 101 46
120 88 17
102 52 4
87 100 13
42 35 12
114 100 19
117 89 9
51 48 13
60 115 38
81 80 17
120 118 13
57 90 1
51 55 7
105 113 3
99 80 19
51 4 41
69 52 40
18 2 3
36 107 17
33 109 29
30 87 15
120 7 23
60 57 6
12 44 5
63 3 25
105 78 13
75 11 1
78 90 33
54 5 45
21 74 46
57 106 9
21 47 26
66 85 28
15 22 45
72 68 18
51 95 1
99 94 40
120 38 6
45 63 14
57 71 8
3 62 14
45 24 1
117 18 44
111 110 23
1 12 3
105 79 8
36 60 15
72 23 15
117 16 14
96 87 26
111 80 9
75 122 35
1 24 39
81 41 15
6 122 19
30 65 1
36 52 21
84 79 33
105 48 37
78 68 18
69 4 13
87 108 12
51 74 12
57 44 28
54 93 39
39 122 23
42 80 16
1 91 24
45 112 27
111 104 4
18 72 15
87 34 9
51 22 15
30 83 13
69 9 11
93 3 41
18 67 16
27 12 2
75 19 11
39 3 6
6 1 23
66 4 31
99 31 19
27 45 40
27 70 11
66 96 42
117 65 28
105 119 3
21 105 28
105 74 34
15 64 33
57 18 5
120 107 13
15 17 1
3 78 9
75 72 23
114 65 28
117 69 21
60 72 13
108 42 20
111 20 9
48 82 46
1 56 25
1 2 16
15 122 11
105 54 3
60 64 9
12 30 36
75 84 17
66 110 42
60 30 14
15 41 41
102 81 38
24 79 4
18 14 8
87 2 40
54 106 41
36 1 25
24 14 22
96 100 26
36 101 9
102 42 15
75 72 9
108 85 13
30 103 7
15 112 23
15 119 38
108 29 24
39 8 2
12 96 13
111 36 6
102 26 34
75 2 18
3 101 21
54 46 5
6 36 34
57 19 21
81 20 2
111 6 38
30 9 23
36 33 9
93 49 25
84 81 14
57 48 5
33 39 27
96 28 39
69 82 25
108 103 20
57 10 20
87 106 8
45 105 31
1 114 42
105 80 43
54 86 15
9 84 1
15 46 38
87 114 21
15 65 2
33 122 29
84 119 46
27 26 39
51 112 33
3 46 7
45 97 28
54 79 30
117 74 44
114 81 8
111 81 27
1 77 22
6 45 2
27 30 37
45 1 41
60 10 1
42 3 6
15 118 9
111 122 15
108 55 27
114 36 1
51 15 14
33 55 46
105 102 10
39 5 13
102 49 14
57 77 43
48 11 28
78 93 15
111 65 40
108 92 24
96 33 12
96 119 34
6 109 32
48 118 3
60 9 22
45 1 3
66 26 27
114 43 46
1 72 36
6 13 34
18 90 42
39 49 14
51 43 41
42 26 19
45 34 28
39 108 40
105 95 38
1 9 29
54 71 25
51 106 16
57 9 20
21 57 17
69 98 5
21 122 26
99 30 40
39 50 9
12 116 8
111 32 3
78 54 38
27 64 34
84 82 37
72 104 34
108 111 2
48 31 2
24 16 18
63 59 36
81 42 15
9 13 15
6 22 4
1 52 42
27 18 24
27 98 40
93 25 10
108 119 44
99 41 32
93 28 5
42 121 46
99 40 31
78 119 46
72 60 2
27 50 40
27 70 19
63 78 9
96 50 20
69 9 45
108 27 18
105 17 20
60 62 26
51 48 19
108 63 37
12 61 15
93 15 44
54 97 31
3 102 36
48 110 14
99 60 38
114 9 28
57 98 30
1 66 8
6 73 43
69 43 33
78 57 32
81 10 33
93 13 6
33 92 11
69 107 17
90 91 11
6 33 8
48 87 25
105 40 9
36 119 12
81 42 26
93 109 16
45 114 46
6 35 11
21 54 22
72 20 31
96 30 34
36 57 2
57 94 43
6 3 37
60 62 24
3 75 10
6 17 7
45 46 9
78 111 25
72 95 29
39 72 31
105 119 30
117 122 23
6 34 40
120 68 23
39 47 16
9 104 30
27 81 7
63 67 4
66 86 45
6 115 31
105 84 29
78 14 2
90 36 31
45 72 6
96 95 27
111 67 31
102 10 15
24 88 45
33 44 7
75 79 14
30 90 24
90 28 6
66 98 15
99 101 20
105 93 44
6 1 17
96 48 13
1 53 34
114 7 15
105 118 9
45 31 1
66 72 18
114 119 20
54 32 3
78 26 9
27 106 22
114 30 46
42 112 17
54 55 39
51 4 15
21 72 36
84 63 22
18 122 1
18 28 22
33 21 38
36 96 20
117 80 38
24 37 46
60 84 3
105 98 1
90 105 35
18 37 39
57 84 35
12 90 5
24 17 34
111 103 8
57 89 41
108 44 27
18 53 10
66 57 7
117 33 34
93 36 37
12 102 17
3 65 24
39 12 5
36 95 6
72 36 22
90 91 24
84 94 16
24 104 37
21 89 29
24 90 28
99 122 41
3 64 13
93 89 35
108 113 32
66 64 23
24 28 26
54 70 38
81 26 4
30 25 2
78 5 31
21 19 28
1 8 21
36 66 1
114 115 2
42 79 22
105 86 13
96 89 44
75 56 37
60 44 39
87 53 2
63 82 5
33 79 9
66 53 11
45 32 41
33 84 9
117 115 38
48 17 38
93 36 41
15 108 38
111 35 22
60 87 32
36 75 32
99 36 1
117 15 40
24 110 19
42 106 16
3 47 35
15 65 4
6 21 6
114 115 25
57 47 40
54 10 32
3 73 15
9 43 6
72 69 14
93 33 28
78 44 10
93 17 10
93 62 46
96 89 46
3 100 22
24 6 19
99 72 9
15 83 10
54 55 34
1 83 30
87 93 42
39 16 13
87 107 46
1 94 45
90 23 30
87 91 9
81 99 15
21 1 39
117 114 10
105 30 19
60 52 22
18 2 15
72 91 29
90 36 41
90 19 9
54 121 24
84 121 13
24 78 33
72 104 29
105 100 3
87 1 46
21 95 24
48 25 26
18 119 40
6 24 31
81 122 16
66 43 12
27 49 5
69 13 19
111 52 20
27 6 27
30 92 37
63 110 29
75 115 34
1 93 39
81 70 33
6 68 42
60 81 46
93 35 6
72 35 18
114 29 30
66 27 22
66 80 24
63 106 23
54 60 9
21 31 30
102 114 31
27 1 9
18 59 42
93 77 15
18 1 16
30 35 11
48 39 14
78 18 28
45 89 35
108 85 23
27 78 14
102 81 5
21 52 7
54 40 3
72 70 3
33 59 39
60 39 32
108 52 16
57 37 19
96 71 8
3 109 18
90 61 44
6 102 9
21 99 13
114 84 11
105 84 20
84 33 6
108 77 31
6 38 46
18 105 20
9 96 23
24 23 31
96 113 43
69 10 46
1 10 24
87 18 32
60 50 27
114 68 30
66 107 12
60 66 22
54 84 26
45 26 38
15 118 39
81 69 20
39 68 20
1 94 2
3 82 34
6 109 46
6 98 13
21 94 21
69 10 44
69 55 31
63 101 10
105 56 27
57 6 28
18 48 1
96 69 43
78 67 34
81 86 30
27 99 28
39 38 11
51 20 37
3 64 28
1 103 33
111 92 3
45 110 9
30 4 25
51 109 43
117 63 23
84 105 6
12 117 29
120 106 32
69 83 29
42 30 20
93 12 31
33 67 8
81 60 9
39 55 5
108 117 17
120 6 8
81 61 22
75 6 41
93 50 45
63 106 22
39 96 39
24 45 37
87 9 40
108 122 24
1 13 3
9 3 31
54 111 32
66 62 29
45 107 35
57 50 40
54 4 42
120 78 20
72 120 27
33 98 18
42 58 1
24 77 30
36 27 33
9 3 35
36 1 39
18 34 9
33 5 41
114 42 18
9 15 5
93 76 32
111 49 9
39 54 35
45 118 22
51 12 7
63 75 1
45 48 18
114 29 1
72 121 18
33 46 7
105 38 35
75 87 44
63 9 28
57 79 19
18 54 19
30 65 34
96 34 24
72 93 3
120 95 6
63 48 43
45 70 18
21 43 1
45 38 11
48 110 33
117 38 19
36 114 36
18 68 19
27 33 44
60 97 7
54 42 23
117 3 28
69 94 10
99 103 9
21 108 42
105 50 34
36 37 9
21 6 9
42 34 36
42 68 24
12 102 20
93 120 9
114 58 22
48 56 7
84 96 9
1 91 45
63 80 27
108 122 5
108 1 3
69 1 22
60 29 17
45 60 9
33 1 8
27 1 12
54 59 2
87 117 8
78 36 32
12 35 21
72 81 18
54 16 17
99 113 29
96 45 34
18 84 14
15 22 14
87 88 30
57 62 2
18 38 38
18 17 9
72 98 3
96 5 14
39 42 23
57 37 22
108 29 38
78 16 35
81 95 1
12 2 5
9 97 23
72 47 17
117 58 40
117 105 37
24 75 43
114 29 44
54 20 13
111 18 20
66 6 23
108 90 46
87 30 4
111 12 25
30 25 36
78 62 3
6 92 44
93 70 16
57 52 20
60 3 14
87 1 26
87 81 8
93 2 22
78 84 36
6 37 42
54 63 39
93 102 40
72 47 32
1 117 45
60 65 9
75 99 6
51 8 7
84 108 39
51 6 5
69 80 5
39 49 14
12 82 45
51 24 43
102 1 1
6 68 32
42 56 9
75 82 14
48 86 46
114 65 24
36 57 25
18 74 13
111 34 28
63 70 30
90 77 46
45 21 31
27 43 14
60 42 18
57 41 15
105 29 4
18 57 20
54 15 14
117 59 14
33 80 2
6 112 9
96 116 5
33 10 29
27 31 43
12 83 36
15 1 1
15 46 34
3 76 18
1 14 33
66 58 37
24 58 32
30 19 35
102 58 12
63 25 33
87 2 22
9 110 25
81 1 11
99 1 43
111 72 34
57 79 19
48 61 11
48 69 8
111 24 42
81 84 28
33 106 22
42 32 14
66 47 24
72 100 39
114 5 14
102 120 24
60 3 35
24 54 46
78 77 34
93 19 19
63 100 33
87 56 8
90 16 20
15 20 31
24 29 25
102 103 12
45 13 34
117 114 3
48 51 17
30 29 7
6 68 22
15 74 36
72 110 6
36 108 28
69 115 24
87 13 37
108 64 36
114 99 31
3 5 46
87 16 9
33 12 19
75 90 31
117 51 15
57 100 13
12 14 22
45 12 23
36 105 38
72 35 5
102 115 43
24 16 4
36 87 31
96 116 8
72 55 25
81 35 41
24 14 15
63 106 14
69 22 14
84 88 40
90 57 1
102 7 39
90 3 13
45 102 44
18 88 25
72 46 35
18 35 22
84 117 45
69 76 38
24 45 36
39 114 32
42 39 32
57 18 37
108 75 37
117 55 16
60 93 27
66 32 13
72 9 31
72 30 29
60 108 25
120 121 9
93 61 10
1 54 25
72 32 18
78 82 43
57 68 13
105 14 44
117 75 33
24 113 3
93 56 41
45 8 45
99 78 39
90 45 46
24 34 26
9 69 43
84 50 31
39 57 22
42 18 42
12 25 9
1 36 31
81 23 15
66 56 41
12 40 26
12 115 38
78 10 6
102 32 43
6 46 12
72 68 16
66 112 38
93 1 35
33 107 12
63 122 23
9 67 41
75 81 43
72 13 24
75 80 21
24 15 33
111 117 42
15 16 31
15 63 44
63 116 1
72 18 22
99 111 41
57 117 43
93 81 30
30 11 38
57 29 14
57 114 43
57 58 41
24 58 26
93 120 4
81 50 9
51 48 20
48 11 10
105 57 7
51 27 1
63 95 38
78 106 24
27 59 36
54 85 37
66 121 17
93 44 37
78 68 22
114 113 5
45 58 27
117 82 46
87 31 27
69 119 39
24 44 40
9 34 3
105 68 10
48 112 20
117 70 42
3 61 27
111 45 42
33 122 6
72 36 26
12 25 15
36 84 29
27 73 16
105 2 39
3 18 16
51 53 44
21 89 30
87 50 4
66 106 6
36 107 6
9 110 21
27 105 41
93 20 32
81 122 5
45 76 29
45 74 25
21 24 42
45 74 46
9 77 1
75 94 30
72 91 29
42 61 42
63 5 3
99 20 15
69 107 28
18 67 18
18 95 3
75 10 43
51 64 22
99 28 12
45 75 9
45 10 28
21 6 9
66 55 1
114 41 35
39 67 19
36 56 8
42 91 13
81 88 3
99 19 10
45 37 26
3 8 2
60 11 42
96 18 13
45 15 32
42 29 46
72 107 16
81 9 4
108 1 45
96 112 9
108 79 38
42 16 2
87 72 2
9 70 28
9 107 8
15 122 4
108 88 41
120 12 32
45 4 35
15 88 23
102 73 35
21 110 39
69 106 26
12 82 46
69 116 45
15 16 14
63 64 40
24 76 45
78 25 13
45 106 13
90 96 23
27 106 25
24 21 37
105 107 24
108 61 19
99 56 3
72 110 6
57 75 2
108 18 26
1 70 19
84 105 20
87 93 28
114 77 24
18 71 38
60 43 7
33 27 27
24 51 26
60 69 18
102 30 18
120 72 8
51 116 7
21 55 45
90 2 14
117 43 17
102 80 33
12 4 3
42 50 29
42 99 6
48 51 30
48 81 27
108 94 31
36 121 41
33 50 37
1 106 31
57 114 30
102 119 44
6 32 11
45 60 7
9 99 22
120 31 12
96 19 37
42 50 41
54 49 27
105 79 19
15 39 17
93 121 9
21 112 15
21 116 40
99 79 9
78 81 15
105 80 9
12 104 22
81 36 16
18 29 9
102 120 9
99 16 23
63 35 40
87 102 13
81 70 37
30 94 10
81 44 13
96 39 12
108 83 2
27 122 1
12 5 16
33 34 38
15 67 36
9 24 2
117 5 18
87 91 25
78 106 3
54 55 23
30 89 24
108 80 24
69 92 2
57 56 15
42 32 1
51 75 11
57 28 38
15 121 7
21 45 44
96 85 15
69 22 40
51 111 40
81 57 8
63 48 37
15 111 35
84 23 40
42 103 7
36 100 9
87 118 32
66 16 16
93 81 6
108 111 25
69 49 40
114 103 31
66 110 40
120 3 46
33 85 32
21 45 43
102 117 22
111 21 24
1 49 45
120 67 4
42 6 29
99 18 28
66 116 34
111 102 7
99 55 42
63 32 6
18 62 11
9 74 12
60 44 15
33 31 17
42 112 26
93 119 34
81 16 30
93 30 36
117 19 16
33 43 27
54 62 44
60 74 31
87 88 15
24 45 12
60 63 45
12 93 4
39 69 14
90 52 4
33 53 36
105 41 13
99 53 23
105 10 36
45 52 44
84 45 16
63 68 9
69 79 33
48 11 41
6 7 37
108 2 30
84 101 1
36 83 23
75 119 14
72 63 38
63 31 2
69 79 21
69 113 37
42 2 2
90 4 24
60 65 12
81 4 29
45 11 9
42 37 13
51 80 40
1 5 5
117 81 19
57 35 25
21 24 10
48 54 37
90 93 9
84 102 23
108 122 46
57 48 2
63 5 11
63 16 27
87 12 15
108 100 33
66 117 9
24 2 38
96 36 42
69 105 28
72 2 17
93 34 32
87 121 12
105 72 31
81 67 10
111 85 4
111 114 19
21 32 23
87 93 12
81 44 9
114 47 5
111 7 13
99 98 8
15 4 8
30 20 34
63 15 13
36 17 38
93 20 14
114 107 36
114 47 31
84 52 44
63 35 29
1 114 3
1 21 14
117 24 15
120 94 29
60 81 2
66 28 29
3 91 27
105 90 11
6 28 34
111 114 18
105 4 23
72 32 19
105 91 3
51 93 3
96 47 27
72 32 2
60 15 10
39 17 38
9 67 28
78 18 14
15 120 25
54 40 20
120 109 40
114 40 9
45 46 37
117 96 23
9 111 43
33 61 13
57 92 18
72 29 14
117 54 18
114 99 22
9 43 9
9 83 8
105 61 42
63 76 7
1 113 45
18 33 43
54 78 11
9 10 41
57 102 46
39 21 11
90 98 20
120 72 26
63 117 11
93 72 14
3 26 9
63 69 37
105 111 42
102 110 31
30 41 42
48 97 38
9 25 28
87 48 6
105 56 45
99 27 12
18 47 19
108 110 33
30 122 36
51 56 42
99 5 3
120 74 33
3 7 14
66 92 38
60 91 6
12 80 41
105 98 14
48 122 17
111 16 21
114 96 31
42 63 25
84 66 36
66 54 3
75 5 39
63 21 43
60 41 2
12 113 26
78 79 40
36 27 12
84 38 2
84 4 11
120 10 31
48 38 12
3 76 42
30 15 5
51 23 4
30 84 28
75 42 6
39 16 12
36 21 18
30 104 6
42 72 9
102 104 43
90 101 10
81 119 43
114 120 15
3 32 4
1 23 29
1 87 28
120 2 23
27 117 26
12 73 40
87 12 14
90 5 22
30 84 38
9 120 37
111 120 9
108 30 22
45 86 29
48 25 19
39 40 9
99 5 14
111 78 11
42 40 9
45 33 23
33 93 4
6 78 40
21 5 2
90 113 38
54 77 8
84 94 3
60 81 43
9 102 32
51 23 45
69 87 13
63 37 9
1 77 24
99 81 10
48 59 1
48 15 6
108 99 30
42 25 37
120 70 16
24 74 17
93 44 13
72 14 8
66 18 6
48 34 14
15 25 36
84 40 43
81 59 3
54 21 18
66 99 1
87 19 1
81 50 13
9 29 10
12 75 13
78 57 32
111 45 9
108 115 9
93 33 46
69 92 9
24 54 30
96 19 25
114 49 45
42 76 35
75 110 20
39 40 17
57 66 12
84 58 26
42 110 34
99 88 22
117 83 36
117 35 31
72 100 41
9 40 19
66 112 1
87 112 45
18 48 41
75 53 29
78 119 31
9 21 22
60 31 23
96 92 32
42 62 4
57 34 16
6 54 44
105 45 32
120 62 45
102 63 1
114 38 14
3 15 40
108 46 2
63 36 41
120 122 32
66 39 20
42 60 33
39 52 8
117 1 24
51 35 35
90 65 23
24 33 21
105 15 15
21 120 11
30 116 24
39 82 2
45 103 15
63 82 20
48 70 23
120 84 21
111 41 4
57 63 9
87 33 22
66 113 34
66 80 39
72 1 26
33 83 32
21 91 18
12 39 27
108 46 34
108 34 13
39 36 24
48 52 43
60 5 34
21 68 39
1 3 12
117 77 1
114 122 17
42 10 29
75 100 14
63 3 15
15 80 9
93 117 43
117 115 39
69 28 35
96 41 24
18 84 33
42 46 12
1 54 42
69 49 19
51 5 46
87 112 7
120 32 13
39 12 36
111 102 16
42 31 24
78 54 6
15 104 40
24 21 6
96 27 23
39 18 40
105 82 34
54 3 27
42 107 20
105 18 37
12 4 33
54 46 5
66 51 45
63 28 39
1 114 28
102 79 45
102 67 27
3 119 36
111 113 25
102 30 45
57 101 14
24 59 40
75 99 11
96 61 23
63 86 22
99 97 35
90 4 20
75 14 14
39 96 33
42 91 8
81 43 24
72 81 13
48 108 20
108 76 24
93 37 27
105 21 38
60 7 5
6 98 20
18 92 1
72 16 29
96 25 41
45 16 13
60 62 26
84 1 12
60 40 46
57 11 27
66 42 26
1 40 2
90 113 11
45 118 37
84 87 7
81 1 24
27 96 24
96 102 15
102 63 28
78 37 9
27 49 32
96 70 18
33 48 32
75 91 33
30 101 21
18 43 11
57 66 14
105 46 4
102 1 37
114 109 43
51 5 14
27 91 6
21 61 32
12 28 44
117 34 10
60 76 29
102 74 9
84 116 37
9 50 15
93 48 8
9 78 14
9 53 23
57 9 42
75 99 19
3 22 1
69 31 4
105 26 37
63 90 37
33 1 10
57 118 19
21 64 41
45 87 25
60 31 9
63 1 37
48 83 18
63 74 35
12 18 16
93 92 22
66 107 37
90 112 14
69 45 29
78 26 44
30 24 12
66 53 12
1 21 18
81 54 22
66 114 15
36 98 28
111 25 32
117 45 32
39 1 46
57 96 3
24 21 10
111 83 46
24 102 38
63 45 7
27 93 30
99 28 37
102 115 32
6 28 26
24 41 12
3 9 6
42 79 1
15 65 43
120 107 5
111 86 5
27 78 19
6 91 35
105 12 34
63 84 8
75 87 44
51 120 11
87 1 29
81 32 25
99 54 8
57 29 17
105 56 13
63 34 28
33 55 42
81 72 15
75 35 21
24 71 37
117 25 8
21 50 11
21 92 45
6 65 32
48 51 32
78 95 23
72 3 18
66 13 45
39 40 25
42 9 32
54 113 46
63 81 15
105 117 13
81 57 9
99 10 35
102 21 46
9 45 45
114 84 30
36 113 40
96 116 13
66 68 15
57 98 32
27 62 43
75 115 11
9 19 14
90 39 27
96 117 27
72 73 24
24 35 12
51 47 7
45 112 5
39 60 18
66 25 35
12 101 15
21 15 10
6 47 26
27 53 29
111 39 20
21 87 24
36 29 1
75 2 5
66 85 30
54 79 27
111 16 44
36 73 15
21 115 18
90 52 7
9 109 38
15 43 43
117 45 37
78 1 37
81 20 14
51 105 43
15 16 4
24 11 15
111 107 26
39 23 10
75 54 11
24 40 6
57 35 4
39 112 25
21 14 29
27 11 27
27 114 6
57 36 23
114 12 31
21 14 42
24 44 42
120 115 16
96 71 7
6 102 29
27 95 14
42 97 31
39 82 23
21 59 46
96 92 41
24 80 8
6 60 9
78 76 11
99 49 25
87 50 25
54 60 17
93 39 34
102 121 33
33 1 46
87 36 14
57 86 44
12 86 42
87 65 17
78 65 25
78 28 18
63 31 31
48 23 36
120 102 23
69 2 13
84 95 11
6 112 31
45 108 36
39 41 12
54 66 41
69 80 24
108 115 8
45 118 21
105 14 19
84 85 24
9 78 34
18 88 3
48 110 32
111 34 31
87 1 45
33 31 43
24 18 20
75 38 33
36 112 26
108 23 29
102 21 24
48 46 22
1 26 43
9 27 13
57 106 10
90 122 40
57 89 31
114 46 30
3 40 26
36 39 43
9 13 46
114 112 29
114 13 39
54 39 23
24 26 9
105 90 2
120 25 11
72 75 28
78 120 35
18 41 41
81 37 31
3 45 35
108 9 27
30 22 25
72 108 12
84 119 23
45 18 9
6 2 11
105 76 23
27 75 3
114 57 29
78 98 30
12 115 12
69 36 30
102 105 9
99 73 11
48 50 2
27 91 5
21 30 31
69 28 7
42 26 15
39 65 12
108 89 37
24 115 44
69 120 40
84 49 10
42 62 6
3 114 45
3 56 45
72 97 37
105 110 19
63 46 34
54 72 4
18 115 42
27 101 23
99 25 37
18 41 8
24 89 39
15 90 9
27 38 36
18 37 46
96 21 35
42 37 4
42 39 33
54 1 18
30 38 37
12 29 14
39 54 30
57 116 32
105 49 30
21 19 27
111 63 20
72 87 20
69 108 18
120 33 37
39 54 28
96 73 13
84 92 6
1 7 19
6 54 5
12 43 40
117 3 40
3 35 20
57 79 12
15 27 13
93 8 10
45 11 32
45 77 24
84 111 44
42 110 12
45 25 29
21 112 13
69 60 43
36 73 9
114 42 11
90 32 17
102 115 31
3 73 20
99 115 7
102 112 5
48 60 19
111 61 28
72 35 45
120 32 45
51 86 18
24 15 5
39 75 26
21 59 4
42 71 11
69 52 31
93 1 14
75 12 38
36 8 41
108 8 2
1 33 15
63 36 46
30 32 34
102 27 39
105 85 45
84 63 2
78 13 2
117 55 23
30 46 30
51 23 1
42 1 3
27 43 39
3 53 9
48 55 17
111 86 17
120 52 19
42 120 13
108 63 12
24 96 33
12 63 10
45 87 18
51 50 28
102 97 28
57 84 37
120 121 40
18 31 9
54 23 8
63 57 19
105 121 38
114 78 42
63 73 38
117 113 38
3 51 22
30 12 43
6 26 28
30 6 37
6 118 2
30 102 44
75 19 29
36 32 19
96 52 16
69 105 34
30 67 18
93 36 26
48 105 6
72 74 8
48 80 10
54 101 43
42 38 30
33 95 13
111 65 9
42 62 7
36 77 29
102 4 7
24 92 46
21 36 20
12 112 16
12 67 16
72 26 30
120 17 16
9 12 2
81 114 18
18 6 6
78 42 26
114 31 36
6 42 6
6 47 38
96 13 37
18 54 33
96 85 5
3 37 6
30 88 12
27 31 11
66 74 3
60 92 15
15 111 40
1 77 27
54 93 9
30 72 13
45 9 9
51 114 31
99 30 19
30 74 34
99 49 46
105 114 46
105 35 28
6 83 39
105 67 8
36 54 20
117 74 35
36 84 28
27 81 21
39 121 31
48 93 39
114 52 21
27 14 18
63 20 40
117 45 45
93 50 2
45 114 25
6 113 37
24 34 37
78 89 9
48 76 15
72 16 7
96 98 41
66 119 38
30 15 11
42 50 26
6 35 32
3 101 23
72 56 18
78 117 4
48 3 28
96 93 15
54 18 16
60 105 28
66 46 34
63 53 29
9 7 37
96 115 27
117 42 46
63 98 40
57 116 28
93 84 39
39 16 11
84 85 38
66 118 33
87 74 1
102 57 38
1 30 31
81 93 41
54 107 41
42 43 10
36 1 42
99 5 41
96 1 44
45 62 7
75 59 42
66 84 35
45 12 7
78 57 24
81 114 36
99 52 44
18 19 2
45 103 35
1 78 21
27 104 23
27 23 23
39 12 42
111 20 8
54 14 28
105 66 46
69 27 32
57 44 4
24 70 11
120 99 25
66 89 13
111 29 26
102 53 11
63 5 35
42 97 31
90 115 8
96 121 10
120 75 2
48 12 15
63 62 15
30 113 44
57 65 37
15 7 14
45 85 42
84 86 7
81 85 34
33 74 10
57 102 16
90 22 8
96 49 12
3 43 24
30 5 32
33 41 44
66 8 22
1 83 7
96 37 10
45 52 24
42 62 44
54 25 46
78 41 31
102 48 26
93 39 7
27 38 14
90 115 15
36 22 36
42 112 18
78 74 9
6 60 28
69 17 28
54 96 25
33 51 30
120 94 35
18 41 44
57 70 7
72 60 5
111 16 38
87 53 6
33 76 30
75 23 21
87 97 7
69 53 5
90 35 32
84 51 34
54 62 17
39 40 44
27 58 35
51 58 17
93 15 21
33 64 32
63 121 30
54 69 43
63 85 5
69 122 43
21 93 22
39 95 36
66 19 2
39 50 18
99 65 1
114 33 17
93 44 17
108 62 45
54 112 19
24 32 9
90 97 13
39 53 9
27 116 22
120 62 28
93 36 37
12 118 16
54 88 32
75 56 32
72 86 7
54 58 38
45 116 42
1 112 41
90 104 9
30 119 31
30 44 7
15 1 23
27 38 29
12 15 35
36 104 10
39 72 8
42 41 15
78 39 17
99 18 36
9 101 35
42 94 40
45 101 2
69 51 22
42 22 29
102 79 39
93 86 4
54 85 18
51 115 6
27 22 44
63 67 19
75 32 32
114 107 18
111 113 39
75 108 42
87 107 10
111 77 25
27 107 14
24 96 13
60 118 33
63 91 2
57 69 41
102 1 9
60 103 36
75 93 24
21 92 23
54 105 6
21 20 12
57 49 44
60 49 24
114 89 40
30 107 21
111 62 32
48 3 27
87 43 28
75 76 35
63 92 11
99 104 18
51 110 35
12 101 8
87 26 22
27 23 11
36 97 16
18 32 13
9 120 27
78 48 29
60 1 17
63 26 23
60 121 7
9 26 5
72 76 29
81 54 15
24 112 38
117 54 43
33 93 27
3 14 3
120 27 36
111 55 29
12 45 29
75 22 40
117 42 15
9 103 37
93 54 46
60 5 36
54 52 25
51 105 28
27 82 36
33 82 33
69 81 8
84 24 13
105 79 24
12 84 32
90 5 14
9 13 43
111 3 46
99 89 27
69 59 18
24 37 19
69 25 31
60 48 26
60 98 13
18 29 27
114 122 8
27 52 25
57 56 35
66 38 11
27 5 2
102 18 29
120 12 41
18 28 16
120 11 21
72 22 3
75 77 13
42 54 13
39 88 37
54 105 14
84 44 34
9 45 43
9 83 31
21 106 26
63 36 1
33 109 10
75 15 40
9 111 32
99 64 41
48 73 19
111 86 2
81 25 5
54 111 9
120 20 19
45 19 36
63 28 28
108 79 13
96 77 25
111 51 40
84 3 28
117 63 39
54 119 19
45 99 20
9 117 38
30 10 16
63 107 36
117 84 26
93 51 30
75 40 42
36 5 32
81 4 31
18 102 3
66 9 10
60 104 9
42 17 11
90 106 28
15 8 24
93 14 13
63 110 33
93 83 2
3 66 42
63 88 21
21 104 32
96 60 38
96 117 42
114 56 33
60 52 10
54 67 1
27 74 17
99 23 33
18 8 27
24 16 24
114 115 19
69 66 10
84 8 31
27 81 42
24 65 21
87 54 45
6 88 17
87 12 30
87 66 17
99 104 9
33 75 22
60 7 3
27 55 16
78 32 20
48 104 14
18 2 46
96 55 19
63 35 21
30 58 5
66 78 13
72 49 23
30 17 14
108 44 35
108 7 34
90 44 7
93 77 30
81 69 43
96 110 2
45 115 41
51 60 12
81 57 37
24 112 9
51 84 35
33 47 45
75 86 12
93 26 35
21 120 43
75 50 42
120 119 15
24 46 20
1 38 30
102 96 32
36 56 20
90 8 28
6 46 2
117 116 42
3 100 9
45 29 7
30 91 23
54 45 34
48 42 14
84 8 36
84 93 23
78 37 3
96 49 19
78 83 17
99 108 42
36 5 9
84 38 22
102 13 32
51 105 3
93 23 26
15 5 1
6 22 27
42 34 35
27 53 39
27 2 25
78 68 22
75 122 46
30 11 13
72 106 38
111 67 15
96 72 17
27 22 38
105 118 45
36 107 36
63 61 35
36 112 8
30 79 34
90 98 32
42 63 43
45 80 37
36 23 42
72 100 37
54 70 40
24 44 28
15 68 17
30 92 5
3 7 13
15 24 7
57 73 4
36 101 9
39 78 26
39 101 43
51 1 13
36 88 28
12 111 34
48 8 9
36 18 33
39 117 44
114 16 21
114 31 21
27 117 4
69 84 20
72 57 26
9 115 4
12 27 12
66 110 9
3 64 5
105 23 8
30 88 10
42 52 38
30 48 33
60 29 45
24 53 19
6 46 45
120 116 11
72 68 46
117 9 42
78 6 33
108 61 1
33 58 24
18 20 7
84 1 9
108 120 15
87 115 14
51 74 44
33 42 35
72 23 10
12 32 18
66 99 29
66 50 42
120 5 39
108 66 32
48 96 40
63 111 15
72 47 9
99 19 35
84 69 38
60 79 6
15 27 42
108 113 41
27 50 18
24 49 3
108 63 37
33 92 28
93 59 35
42 74 2
117 99 43
63 27 9
39 88 11
63 34 33
60 107 25
87 21 34
84 102 34
18 61 42
18 79 19
84 20 23
12 35 32
21 16 5
24 56 9
69 45 2
1 21 18
90 24 21
18 21 35
51 83 23
81 118 19
81 45 17
51 60 38
18 116 19
114 99 22
18 33 5
24 53 18
66 22 29
57 87 4
33 17 24
30 39 26
69 46 31
114 55 15
24 10 19
60 28 32
36 109 29
99 101 26
42 61 26
21 98 36
69 99 33
9 24 4
21 54 22
3 8 7
84 12 4
84 33 17
48 4 43
33 47 12
51 26 21
12 105 17
36 20 5
84 121 36
9 109 22
36 25 40
105 34 41
96 121 19
48 26 36
96 55 43
9 35 33
12 7 31
96 45 28
48 44 32
27 115 21
51 43 3
12 77 39
15 112 23
99 49 42
69 53 5
111 71 6
93 29 45
3 31 26
72 24 25
102 114 7
60 104 6
27 26 11
102 61 13
114 22 13
42 17 6
39 26 17
21 13 31
96 53 16
15 5 16
24 49 26
63 1 20
39 112 43
75 1 29
81 104 19
3 112 15
33 113 28
108 45 34
96 2 9
81 72 36
81 89 28
6 30 39
27 115 27
27 111 11
60 72 12
117 29 41
96 28 2
102 76 8
99 4 2
60 58 12
9 37 24
3 41 10
78 17 1
66 23 9
33 68 7
69 17 12
72 105 43
54 118 40
48 38 20
21 28 8
6 107 23
84 48 13
114 113 22
120 99 41
96 105 10
6 96 31
54 31 21
63 84 10
27 13 29
30 22 18
78 77 41
48 114 32
54 17 32
15 44 14
51 84 9
87 80 17
42 51 2
6 1 4
51 104 4
39 81 42
15 20 5
75 77 8
60 34 38
12 116 9
36 25 35
21 110 40
54 41 29
63 56 37
78 11 36
51 11 45
66 41 41
21 66 43
24 16 10
87 96 6
9 111 37
93 4 44
24 53 34
84 23 24
39 112 15
69 28 28
117 96 37
24 76 17
9 65 20
12 96 21
60 106 40
51 68 8
24 11 23
99 100 21
66 113 18
96 84 19
18 95 35
12 94 6
114 79 14
81 91 42
108 82 17
63 76 38
30 26 8
24 102 13
30 38 31
117 61 12
96 13 37
48 108 6
51 111 15
102 94 2
54 116 36
81 44 29
93 2 27
24 2 37
117 68 9
18 79 42
48 90 41
45 95 45
96 83 30
18 112 38
63 120 28
69 92 42
63 78 7
33 34 13
84 122 2
102 98 38
81 83 28
114 2 28
63 71 29
78 56 42
12 92 28
96 98 4
42 34 22
51 13 2
30 120 22
48 83 34
105 93 43
108 66 43
108 113 8
3 71 23
114 117 6
24 112 38
24 40 14
24 120 43
81 65 30
9 38 6
96 3 38
84 8 12
102 3 37
48 41 17
9 104 11
54 29 4
93 14 35
84 2 6
78 88 43
18 85 27
45 83 19
30 117 11
111 101 19
21 78 31
75 19 32
48 9 4
45 1 46
117 95 25
3 64 23
3 6 25
39 103 37
24 42 33
72 5 19
117 93 12
84 98 44
12 77 39
102 33 46
84 93 26
1 22 15
39 82 16
105 14 18
12 45 10
33 105 12
30 5 35
105 111 4
81 77 37
72 19 43
120 88 24
6 35 8
27 113 12
1 56 45
72 43 14
72 111 23
51 80 27
18 81 14
111 121 20
45 113 2
9 33 18
39 92 41
63 91 6
30 115 26
48 118 42
108 47 16
6 15 22
54 119 42
72 59 22
9 65 9
3 30 24
78 113 42
105 53 19
72 70 1
6 31 19
96 31 2
120 87 22
3 1 13
87 12 22
18 70 45
21 34 44
6 102 44
6 2 37
36 79 16
57 75 9
54 109 9
108 54 11
93 109 18
96 76 6
60 66 44
15 71 22
78 56 39
51 73 13
6 47 31
114 84 46
15 62 40
15 46 17
33 34 28
21 12 5
117 9 32
120 2 31
93 92 2
96 5 9
90 101 40
24 114 24
99 109 2
15 81 39
72 112 30
63 1 2
3 23 27
93 87 38
57 33 25
114 61 36
78 121 43
39 14 20
60 91 34
18 98 7
63 50 9
39 101 17
105 35 22
72 108 7
9 85 22
51 78 41
12 23 1
63 92 4
39 31 5
120 94 25
72 71 30
45 115 5
1 108 37
24 90 46
24 56 45
60 111 42
93 22 19
117 16 28
36 26 41
78 42 17
27 114 32
24 25 2
27 71 28
51 120 36
90 36 12
78 70 18
84 36 15
108 39 30
45 100 1
60 49 40
72 116 46
27 25 28
1 86 34
30 37 4
3 59 16
33 1 6
108 44 7
1 103 25
108 63 17
96 105 18
78 81 18
54 27 31
117 8 10
18 38 22
105 87 27
21 14 27
39 86 19
96 12 24
30 52 43
102 114 27
12 2 11
96 69 31
81 16 10
93 5 46
60 18 20
30 117 14
54 33 38
63 26 9
90 61 31
54 113 21
75 1 23
33 2 36
15 100 12
84 37 9
27 6 10
102 87 30
27 7 41
6 27 8
114 91 37
15 51 15
93 3 38
18 106 5
105 9 42
9 47 42
9 50 24
15 33 13
39 25 19
93 118 35
6 122 34
21 121 28
12 31 4
24 83 34
15 35 46
39 65 30
48 57 7
24 14 14
57 10 40
99 62 23
42 97 34
117 66 13
57 12 5
12 121 28
45 58 21
72 51 27
72 50 3
111 107 6
87 58 32
75 66 14
15 6 45
111 118 40
3 1 1
93 101 41
36 109 12
3 106 38
12 70 17
102 51 16
60 50 5
36 65 39
54 101 33
108 119 35
117 114 24
36 100 25
30 25 7
63 84 43
9 107 21
48 86 27
15 76 41
24 69 46
111 25 17
24 94 32
93 6 23
108 94 35
111 40 22
102 116 4
48 118 20
111 67 36
36 120 11
12 53 29
81 13 2
45 77 19
111 36 43
108 106 8
66 41 38
57 31 7
9 8 23
93 120 21
3 62 37
54 72 43
18 102 20
21 112 7
120 41 18
51 111 21
120 62 21
54 111 21
120 115 35
108 74 2
72 63 29
27 58 31
1 65 35
51 122 20
66 72 13
6 54 30
18 85 30
3 70 41
69 65 31
102 21 32
60 69 19
111 101 35
87 101 31
117 80 9
6 16 38
1 99 4
42 92 9
114 113 38
1 115 5
33 21 28
93 2 19
99 82 6
18 20 2
6 106 24
78 36 15
39 3 41
117 1 23
48 19 27
36 60 42
24 82 42
60 117 34
48 112 32
3 9 23
111 33 16
60 12 11
90 79 9
39 17 1
1 87 36
87 59 33
9 66 12
1 3 46
87 92 36
18 22 19
87 11 26
78 46 6
15 52 39
42 66 11
48 113 30
72 8 9
93 82 42
96 103 7
60 38 12
18 78 45
60 111 13
66 19 3
111 25 18
3 80 18
24 76 34
54 50 45
1 61 29
45 99 34
102 29 29
63 94 11
45 4 4
63 82 13
78 46 30
90 107 10
57 56 2
3 92 18
81 70 17
81 43 19
117 29 21
96 95 35
18 110 10
24 118 44
90 115 28
36 96 30
33 57 41
114 83 34
6 119 20
9 95 30
18 52 18
33 77 30
51 7 14
54 47 18
87 49 8
72 115 37
117 92 27
51 65 28
45 117 21
84 96 38
111 60 29
72 107 34
3 93 12
69 11 6
84 31 42
6 35 36
114 92 8
111 88 46
33 14 2
12 41 19
6 21 39
3 83 4
15 32 21
27 12 19
93 52 8
48 115 12
102 21 33
12 54 26
66 88 35
3 72 3
48 119 29
1 21 7
27 61 44
66 32 14
84 14 41
12 6 1
96 16 44
12 1 2
87 77 9
66 83 27
84 101 33
24 98 2
72 19 34
45 106 8
39 74 35
84 40 8
36 94 30
114 109 3
114 30 33
69 58 8
81 85 35
63 97 2
108 30 19
6 93 21
69 38 26
105 95 30
12 94 21
33 3 14
90 122 8
99 48 10
78 23 45
108 43 38
63 104 9
54 108 10
36 51 2
51 16 28
84 89 9
36 13 33
57 116 21
93 66 22
48 92 39
15 69 22
96 97 45
9 12 29
57 18 14
96 35 33
114 115 20
87 44 20
96 23 5
15 39 46
90 72 3
93 96 39
1 118 2
99 40 15
18 52 7
54 47 24
9 82 9
63 16 25
78 96 43
21 38 9
99 106 45
45 1 27
15 97 5
21 110 31
114 68 8
39 15 41
6 61 5
90 50 13
87 63 14
72 107 9
21 121 7
105 21 36
24 6 12
117 3 40
48 93 12
12 50 31
12 13 12
105 109 2
114 42 7
63 103 44
114 69 3
72 57 41
108 64 9
87 35 37
69 89 44
63 109 27
48 16 32
111 77 32
114 118 17
66 4 27
87 24 12
45 73 19
72 87 37
24 69 13
72 32 26
105 68 26
78 111 3
69 71 34
15 113 10
33 41 28
111 120 46
39 121 23
6 38 23
117 96 9
51 65 13
105 112 17
81 23 32
99 95 10
93 77 5
78 81 40
45 92 11
111 96 40
63 34 5
48 57 39
54 101 13
57 103 34
108 35 14
33 115 4
72 26 16
105 5 35
120 99 40
84 116 21
12 103 28
117 100 37
87 5 30
96 55 5
18 64 36
54 62 6
81 56 10
93 39 45
21 119 21
87 35 22
48 53 40
84 110 16
60 19 25
69 5 10
75 61 38
18 97 15
39 110 36
36 80 43
30 66 5
45 40 16
57 48 43
3 60 4
120 62 31
3 2 31
114 55 33
6 115 21
66 17 35
30 52 12
45 12 25
108 33 41
102 113 14
57 12 16
57 10 10
21 121 21
51 103 19
93 10 18
114 5 38
42 26 6
108 34 17
69 3 29
54 24 14
72 74 7
63 42 20
117 66 8
90 18 1
69 108 31
27 25 4
39 28 23
45 40 9
114 17 31
39 42 25
72 99 13
81 70 37
1 47 14
39 69 3
27 37 28
99 27 5
114 29 4
39 93 34
15 57 16
87 45 30
102 34 11
9 114 30
93 109 13
24 114 28
48 114 20
72 42 42
18 90 1
57 97 5
45 32 37
6 2 36
69 28 30
48 2 30
54 57 15
54 14 11
66 45 41
54 70 25
108 91 30
9 94 13
90 109 8
72 117 34
81 116 21
27 26 10
90 102 19
3 70 2
36 100 35
90 112 21
1 9 7
15 38 27
105 55 26
39 89 10
75 12 22
1 51 20
1 98 33
51 39 46
3 19 34
3 39 26
36 102 21
66 86 30
63 3 23
18 55 6
84 104 1
21 43 20
114 12 20
45 107 14
87 42 6
48 3 25
45 104 27
48 42 21
27 10 9
45 15 3
9 53 10
63 23 11
21 51 19
111 33 44
48 26 35
81 82 9
3 86 36
120 15 23
87 40 3
54 72 7
21 59 29
63 15 2
6 65 12
39 4 18
33 94 21
93 94 34
45 47 26
21 37 22
54 104 14
3 15 22
24 118 23
90 78 28
9 84 18
21 7 13
111 26 35
33 57 1
24 43 6
105 1 30
27 74 15
42 59 44
117 15 10
72 79 40
99 114 27
93 98 27
87 8 37
27 66 11
66 85 23
57 41 36
105 49 31
105 67 40
1 115 7
84 23 3
12 26 30
66 111 21
93 65 22
66 53 9
12 15 7
117 94 3
39 57 44
99 4 6
111 26 41
66 104 18
30 17 4
72 44 39
66 120 24
114 101 10
36 92 7
108 119 34
27 94 24
120 117 9
48 102 36
57 121 40
120 35 6
72 34 2
1 119 19
108 50 30
120 66 30
6 62 19
120 1 34
69 93 25
21 108 19
54 64 28
108 87 3
15 5 39
12 64 16
51 25 7
24 58 2
18 20 17
84 120 38
27 109 22
72 115 19
84 95 6
27 80 39
1 7 34
81 84 26
96 21 40
21 95 4
69 88 12
117 17 11
63 115 37
3 102 34
21 118 38
6 30 45
45 6 23
120 113 7
21 10 3
114 63 41
6 82 6
114 4 28
90 114 8
27 24 30
45 13 6
21 77 31
90 11 4
48 100 29
6 7 25
51 105 14
108 8 45
24 7 43
3 90 42
72 44 13
78 19 3
30 110 23
117 89 43
27 45 33
84 34 37
72 11 26
84 26 37
90 50 38
1 73 16
27 26 45
6 92 46
9 73 15
99 11 45
72 119 18
93 89 6
51 66 34
117 17 34
18 30 21
81 61 23
66 79 37
111 57 21
21 35 20
51 93 10
69 27 16
51 49 2
21 8 18
69 107 23
33 111 1
48 53 33
108 48 37
6 57 39
18 3 40
63 72 32
12 16 39
45 24 44
96 115 45
87 37 35
1 95 35
111 15 41
93 100 31
30 61 8
6 50 3
24 100 15
11
